[0.00000000e+00 3.35947917e-02 1.61283333e-01 5.15692708e-01
 2.96840938e+00 7.78564583e+00 1.23526906e+01 1.94699396e+01
 4.21780427e+01 8.92060385e+01 1.78296367e+02 3.09184529e+02
 5.21275177e+02 9.09877133e+02 1.05375003e+03 1.11864441e+03
 1.12133281e+03 8.22269772e+02 4.47340580e+02 2.84209171e+02
 1.72875245e+02 1.06852481e+02 7.69181542e+01 5.93753885e+01
 4.55618042e+01 2.81113490e+01 1.55797531e+01 5.36344896e+00
 1.14940833e+00 3.81616667e-01 1.03311146e+00 3.24095729e+00
 1.17391531e+01 2.66135344e+01 5.19869115e+01 1.24291877e+02
 2.51435646e+02 4.33559354e+02 6.83269625e+02 1.01249894e+03
 1.57220448e+03 2.07337885e+03 2.06557402e+03 2.02151929e+03
 2.21409568e+03 2.05231853e+03 1.46378410e+03 1.02409614e+03
 7.11185659e+02 4.92000368e+02 3.46108422e+02 2.50925176e+02
 1.98140129e+02 1.43371181e+02 7.93574063e+01 3.15241229e+01
 5.68455313e+00 9.72741667e-01 3.50880521e+00 1.01704771e+01
 2.57954365e+01 5.48003812e+01 1.27614426e+02 2.69522132e+02
 4.73048783e+02 7.87545081e+02 1.18047016e+03 1.57403153e+03
 1.86830925e+03 2.01704401e+03 2.05701623e+03 2.08881096e+03
 2.19228109e+03 2.17280671e+03 2.06039201e+03 1.74155328e+03
 1.29732730e+03 9.09458492e+02 6.57198592e+02 4.86572833e+02
 3.83777638e+02 3.03325747e+02 1.84657934e+02 8.31012792e+01
 1.65443552e+01 3.05751667e+00 1.03733042e+01 2.60799177e+01
 5.46760656e+01 1.00117177e+02 2.21993980e+02 5.13571548e+02
 9.39818346e+02 1.30060133e+03 1.55565406e+03 1.75882154e+03
 1.91723381e+03 2.00405814e+03 2.07075255e+03 2.16590276e+03
 2.27121852e+03 2.31740310e+03 2.28849226e+03 2.19709743e+03
 1.95063077e+03 1.60406049e+03 1.17557958e+03 7.99282834e+02
 6.09310698e+02 5.02480714e+02 3.30615365e+02 1.60360191e+02
 3.78560083e+01 7.20936042e+00 3.13783333e+01 6.39648302e+01
 1.05462343e+02 1.74597242e+02 4.11143609e+02 9.22333591e+02
 1.28983095e+03 1.50545845e+03 1.67257488e+03 1.86779222e+03
 1.97253487e+03 2.02123877e+03 2.12091184e+03 2.27356693e+03
 2.43340261e+03 2.55936908e+03 2.56807305e+03 2.50792278e+03
 2.32624866e+03 2.08896685e+03 1.79191264e+03 1.29717554e+03
 9.06100991e+02 7.54086551e+02 5.35989065e+02 2.85450976e+02
 6.86362938e+01 1.87215813e+01 7.12257917e+01 1.24553870e+02
 1.88893947e+02 2.94316556e+02 6.94435698e+02 1.22017839e+03
 1.49667895e+03 1.69201664e+03 1.84871096e+03 2.00225548e+03
 2.05805667e+03 2.07448354e+03 2.22500167e+03 2.45181690e+03
 2.66005846e+03 2.86870089e+03 2.96015253e+03 2.93350898e+03
 2.78979109e+03 2.55179139e+03 2.28908811e+03 1.85976667e+03
 1.34014262e+03 1.11699076e+03 8.58416930e+02 4.85074475e+02
 1.10106726e+02 3.38484552e+01 1.18387711e+02 1.99251349e+02
 2.91045680e+02 4.52399511e+02 9.57353740e+02 1.45223896e+03
 1.70777755e+03 1.86970080e+03 1.99631467e+03 2.13735064e+03
 2.18378647e+03 2.20276421e+03 2.39550178e+03 2.68472772e+03
 2.96965181e+03 3.27701086e+03 3.43041484e+03 3.39331744e+03
 3.26826584e+03 3.05114663e+03 2.79615644e+03 2.40391008e+03
 1.83343519e+03 1.52714316e+03 1.25495803e+03 6.98911702e+02
 1.53202496e+02 5.20564479e+01 1.74826880e+02 2.85173341e+02
 3.90655142e+02 6.20702557e+02 1.19180002e+03 1.63985948e+03
 1.90243917e+03 2.02412007e+03 2.11332987e+03 2.25787234e+03
 2.30863498e+03 2.33804124e+03 2.58252578e+03 2.93925833e+03
 3.30572368e+03 3.69724184e+03 3.89790404e+03 3.84300906e+03
 3.73718720e+03 3.55387376e+03 3.29075622e+03 2.90739461e+03
 2.33630356e+03 1.95760655e+03 1.65925259e+03 8.96915666e+02
 1.87013998e+02 7.02789125e+01 2.34679746e+02 3.59266948e+02
 4.85026126e+02 7.82090438e+02 1.40226217e+03 1.79991815e+03
 2.08289296e+03 2.17985624e+03 2.21266824e+03 2.36294333e+03
 2.42174041e+03 2.49070296e+03 2.80459912e+03 3.24023630e+03
 3.72673615e+03 4.18906534e+03 4.39599490e+03 4.23844691e+03
 4.14996380e+03 4.04475944e+03 3.78256332e+03 3.42578134e+03
 2.87366692e+03 2.42886474e+03 2.08712911e+03 1.12299483e+03
 2.31255467e+02 8.78362667e+01 2.96261032e+02 4.16926238e+02
 5.74973259e+02 9.44441299e+02 1.58989558e+03 1.93585834e+03
 2.23055194e+03 2.32579363e+03 2.30300272e+03 2.46388049e+03
 2.56103737e+03 2.69790794e+03 3.14628833e+03 3.77632594e+03
 4.38523440e+03 4.78534395e+03 4.89597517e+03 4.59831664e+03
 4.44760622e+03 4.39606127e+03 4.12379687e+03 3.82480886e+03
 3.31927965e+03 2.87407804e+03 2.56578282e+03 1.39463583e+03
 2.84587033e+02 1.05323318e+02 3.58963243e+02 4.82805059e+02
 6.80666305e+02 1.11253304e+03 1.75728511e+03 2.06760976e+03
 2.37330242e+03 2.44027577e+03 2.41232890e+03 2.60938375e+03
 2.80783967e+03 3.14183940e+03 3.78651810e+03 4.46620837e+03
 4.92246016e+03 5.11241668e+03 5.21463538e+03 4.97874276e+03
 4.73874255e+03 4.67571678e+03 4.39792689e+03 4.14939707e+03
 3.72783458e+03 3.31203184e+03 3.05883374e+03 1.78015215e+03
 3.43684377e+02 1.27444461e+02 4.14557717e+02 5.39310405e+02
 7.81757822e+02 1.26464985e+03 1.92508353e+03 2.22604259e+03
 2.53589429e+03 2.59045435e+03 2.62960477e+03 2.97718899e+03
 3.35530881e+03 3.83396459e+03 4.38274264e+03 4.85889204e+03
 5.15159616e+03 5.27715610e+03 5.40536747e+03 5.30781869e+03
 5.13727066e+03 5.08556607e+03 4.81932138e+03 4.57844511e+03
 4.18878484e+03 3.70626069e+03 3.43997436e+03 2.22273087e+03
 4.20825588e+02 1.56156840e+02 4.65358620e+02 5.95180431e+02
 8.74055202e+02 1.40364818e+03 2.08753699e+03 2.42654159e+03
 2.76952771e+03 2.91396171e+03 3.15172608e+03 3.57144887e+03
 3.88621354e+03 4.26853511e+03 4.75038487e+03 5.13529544e+03
 5.32076746e+03 5.41165582e+03 5.53395726e+03 5.53587314e+03
 5.47932267e+03 5.55493498e+03 5.34678540e+03 5.07238418e+03
 4.61526226e+03 3.98035231e+03 3.64163825e+03 2.61193235e+03
 5.20086886e+02 1.82976875e+02 5.19900147e+02 6.69981425e+02
 9.90887890e+02 1.61269463e+03 2.36400143e+03 2.79268653e+03
 3.21655407e+03 3.37082624e+03 3.58423544e+03 3.90214841e+03
 4.23990514e+03 4.68433754e+03 5.08424424e+03 5.30742197e+03
 5.42110068e+03 5.50177526e+03 5.60468822e+03 5.62827241e+03
 5.56724012e+03 5.67254905e+03 5.57202964e+03 5.29911688e+03
 4.80280790e+03 4.08955372e+03 3.72057454e+03 2.92550333e+03
 6.49884077e+02 2.37428036e+02 7.19973692e+02 9.25981764e+02
 1.31774539e+03 2.04591856e+03 2.86038949e+03 3.26487442e+03
 3.56908076e+03 3.57629423e+03 3.85559469e+03 4.25341493e+03
 4.67584557e+03 5.03222827e+03 5.24814939e+03 5.37340284e+03
 5.45808971e+03 5.54447246e+03 5.64170456e+03 5.70972528e+03
 5.56854094e+03 5.61859742e+03 5.57919573e+03 5.31663389e+03
 4.85015392e+03 4.14191972e+03 3.76104765e+03 3.18577510e+03
 7.95383910e+02 3.83663147e+02 1.12123253e+03 1.33451180e+03
 1.73478477e+03 2.48700936e+03 3.22868817e+03 3.54785420e+03
 3.77071385e+03 3.81371581e+03 4.27231042e+03 4.69785998e+03
 5.04682636e+03 5.26451431e+03 5.38142305e+03 5.45483383e+03
 5.54068314e+03 5.61673300e+03 5.71592162e+03 5.82126094e+03
 5.64423343e+03 5.61951033e+03 5.62029029e+03 5.35805159e+03
 4.91995662e+03 4.24547583e+03 3.82690444e+03 3.40118948e+03
 9.26593461e+02 5.39596049e+02 1.38549136e+03 1.60869875e+03
 2.03317215e+03 2.80741485e+03 3.50317256e+03 3.85553538e+03
 4.07945653e+03 4.15677075e+03 4.70648946e+03 5.07400241e+03
 5.30718242e+03 5.42840811e+03 5.51655610e+03 5.57294576e+03
 5.64944784e+03 5.71189564e+03 5.77856559e+03 5.85452691e+03
 5.65614459e+03 5.52107853e+03 5.56014835e+03 5.31990999e+03
 4.92372391e+03 4.26435367e+03 3.80607914e+03 3.43611399e+03
 9.63337749e+02 5.48810411e+02 1.55248711e+03 1.86021724e+03
 2.30577009e+03 3.10329775e+03 3.76324938e+03 4.12162892e+03
 4.29966858e+03 4.39989454e+03 4.96530386e+03 5.23876242e+03
 5.38870489e+03 5.46087570e+03 5.52358817e+03 5.56566554e+03
 5.60453889e+03 5.63251350e+03 5.63940171e+03 5.63150269e+03
 5.38534270e+03 5.15776652e+03 5.26016042e+03 5.06244036e+03
 4.72297825e+03 4.08457107e+03 3.59244583e+03 3.24055036e+03
 9.02388031e+02 4.71318800e+02 1.57263389e+03 1.99384606e+03
 2.45332333e+03 3.24788170e+03 3.85448155e+03 4.22114360e+03
 4.36015498e+03 4.49989719e+03 5.01572094e+03 5.18832858e+03
 5.27544834e+03 5.32301053e+03 5.35360873e+03 5.38783648e+03
 5.41174892e+03 5.40380172e+03 5.38000523e+03 5.31728410e+03
 5.06501187e+03 4.79526718e+03 4.96219890e+03 4.83692848e+03
 4.54328266e+03 3.92699860e+03 3.41136679e+03 3.04688560e+03
 8.45954152e+02 4.57241405e+02 1.52058374e+03 1.94481940e+03
 2.44300523e+03 3.24905361e+03 3.82319558e+03 4.20086879e+03
 4.28992147e+03 4.45595329e+03 4.91207661e+03 5.02199145e+03
 5.10459252e+03 5.14695135e+03 5.18485151e+03 5.20495664e+03
 5.21686151e+03 5.19903255e+03 5.13144031e+03 5.01560569e+03
 4.78078444e+03 4.46121675e+03 4.67018293e+03 4.61184252e+03
 4.34244289e+03 3.73702075e+03 3.20317649e+03 2.74785436e+03
 7.12627496e+02 4.47194480e+02 1.46051210e+03 1.87099814e+03
 2.36091009e+03 3.16546511e+03 3.73586900e+03 4.09504736e+03
 4.11136423e+03 4.31135226e+03 4.72983407e+03 4.80443681e+03
 4.85344583e+03 4.88069038e+03 4.90705783e+03 4.90026127e+03
 4.86636465e+03 4.77755703e+03 4.64463774e+03 4.47123127e+03
 4.26124628e+03 3.95353107e+03 4.20040699e+03 4.24272602e+03
 3.98014240e+03 3.37130741e+03 2.81128199e+03 2.28453425e+03
 5.78561709e+02 4.01169124e+02 1.30030457e+03 1.69127016e+03
 2.19406255e+03 2.99262387e+03 3.55021981e+03 3.88229631e+03
 3.83741754e+03 4.08644683e+03 4.46592076e+03 4.51336178e+03
 4.54801745e+03 4.55374027e+03 4.55676302e+03 4.50438596e+03
 4.40129352e+03 4.23921180e+03 4.04034836e+03 3.82568607e+03
 3.68104571e+03 3.44806884e+03 3.72757221e+03 3.84152111e+03
 3.57600670e+03 2.98419201e+03 2.41665003e+03 1.91117791e+03
 4.92466442e+02 3.22410641e+02 1.02158500e+03 1.38066353e+03
 1.87282208e+03 2.66051927e+03 3.19990781e+03 3.51170346e+03
 3.42601195e+03 3.72642285e+03 4.08912512e+03 4.13441724e+03
 4.14359483e+03 4.13068611e+03 4.10363494e+03 3.99184312e+03
 3.82528553e+03 3.61447694e+03 3.38963239e+03 3.20610698e+03
 3.15817497e+03 2.93910540e+03 3.19774756e+03 3.36045848e+03
 3.09892985e+03 2.52661443e+03 1.97080554e+03 1.49300024e+03
 3.61069234e+02 2.12714828e+02 7.21926308e+02 1.06848339e+03
 1.52881407e+03 2.26437313e+03 2.77419341e+03 3.03663439e+03
 2.90924701e+03 3.23251503e+03 3.58035692e+03 3.62137374e+03
 3.62626376e+03 3.60696987e+03 3.56833921e+03 3.43225227e+03
 3.23382741e+03 3.02206026e+03 2.83058050e+03 2.70059470e+03
 2.68941906e+03 2.43433804e+03 2.64395028e+03 2.84967739e+03
 2.59566257e+03 2.04376844e+03 1.51368291e+03 1.06335926e+03
 2.44791831e+02 1.19282252e+02 4.45251751e+02 7.42663187e+02
 1.17271518e+03 1.85968156e+03 2.35882113e+03 2.56665156e+03
 2.41218040e+03 2.74209411e+03 3.07906615e+03 3.13963431e+03
 3.15103593e+03 3.12222406e+03 3.07072711e+03 2.91025391e+03
 2.72491154e+03 2.53996692e+03 2.42408514e+03 2.33655985e+03
 2.30052629e+03 2.00719108e+03 2.16684414e+03 2.40037620e+03
 2.15965398e+03 1.62205805e+03 1.11918798e+03 7.24833903e+02
 1.53981445e+02 5.49270281e+01 2.42163521e+02 4.81229524e+02
 8.60334251e+02 1.48874752e+03 1.96046155e+03 2.12278144e+03
 1.90483093e+03 2.20647838e+03 2.55313659e+03 2.61068072e+03
 2.62132102e+03 2.60126693e+03 2.55158277e+03 2.41008124e+03
 2.25178654e+03 2.13321781e+03 2.06985566e+03 2.00779734e+03
 1.92604095e+03 1.58405294e+03 1.74542646e+03 1.99257606e+03
 1.74248257e+03 1.21713133e+03 7.57122028e+02 4.47796779e+02
 8.49621740e+01 1.43288708e+01 8.71052635e+01 2.38588675e+02
 5.57413582e+02 1.12506371e+03 1.57366557e+03 1.72481436e+03
 1.46098061e+03 1.64390094e+03 2.04835809e+03 2.19926029e+03
 2.22655459e+03 2.20754908e+03 2.14894358e+03 2.02428748e+03
 1.91589988e+03 1.85650597e+03 1.80116215e+03 1.70647367e+03
 1.47418842e+03 1.13704123e+03 1.35426580e+03 1.59503289e+03
 1.34349995e+03 8.67807175e+02 4.57321447e+02 2.29627190e+02
 3.63681094e+01 1.09554896e+00 1.08754448e+01 4.42500365e+01
 1.44541060e+02 3.79547353e+02 6.33872763e+02 6.86310549e+02
 5.42643158e+02 5.78799222e+02 7.46829272e+02 9.14678443e+02
 1.00894693e+03 1.03959183e+03 1.02629520e+03 9.70268181e+02
 9.14632572e+02 8.55381117e+02 7.54226970e+02 6.08618825e+02
 4.51092725e+02 3.58119459e+02 5.12548027e+02 6.86021828e+02
 5.44657099e+02 2.85301314e+02 1.19796100e+02 4.66604865e+01
 3.66092604e+00]
