(13229, 1203)
Kmeans
[1.15792619 0.99666768 1.16841212 1.41421356 1.13103245 1.15331354
 1.21169129 1.16007849 1.41421356 1.13743174 1.09230262 1.10950237
 1.13251582 1.12473507 1.41421356 1.12194218 1.17195853 1.12459956
 1.14180288 1.14392238 1.20758763 1.18679929 1.16947929 1.10976799
 1.13922054 1.12788037 1.13348021 1.1657342  1.20137572 1.15825279
 1.18513352 1.26137341 1.10636163 1.21815125 1.08188572 1.15263433
 1.24422247 1.12860733 1.13441723 1.35866033 1.10198106 1.18214382
 1.14069855 1.16878569 1.11746835 1.15967521 1.27594242 1.11721062
 1.13024681 1.36053696 1.09041806 1.18509664 1.31850898 1.09879552
 1.21767551 1.13650299 1.27693288 1.41421356 1.16212951 1.10703831
 1.41421356 1.13665898 1.18749759 1.26143712 1.14254085 1.38947653
 1.18361482 1.13889986 1.12426934 1.40834558 1.211349   1.10685895
 1.15380003 1.23767544 1.15609816 1.302089   1.11943676 1.21468073
 1.25040425 1.14104026 1.10378236 1.29491938 1.08831407 1.16388369
 1.26620983 1.13216582 1.15875126 1.38199551 1.0459824  1.36710691
 1.35766542 1.1816939  1.2042705  1.11582266 1.16048183 1.16057501
 1.1062998  1.17306064 1.14169112 1.15439473 1.17987427 1.12421407
 1.14774821 1.11300841 1.35637304 1.11466539 1.1344506  1.13390338
 1.07429421 1.32171702 1.16604012 1.17637167 1.32097283 1.1225404
 1.18091388 1.10643467 1.16669493 1.12571161 1.15437152 1.21298713
 1.20302542 1.38218867 1.22855387 1.12831761 1.41421356 1.21210648
 1.40618822 1.12141235 1.17534164 1.18796226 1.1710714  1.09499092
 1.3307201  1.18408699 1.13439767 1.23448377 1.22488152 1.1638794
 1.37814053 1.16287894 1.21099773 1.22979436 1.1342236  1.20579614
 1.1215006  1.19596598 1.14001221 1.13125009 1.15975515 1.19032252
 1.1525755  1.09043318 1.10997382 1.07975063 1.18317165 1.15590744
 1.10912553 1.15939422 1.19307983 1.08981651 1.15918105 1.20038161
 1.09898074 1.15415755 1.3136773  1.12172212 1.09685836 1.14692644
 1.18954577 1.07782077 1.41421356 1.08951393 1.14304314 1.19721575
 1.41421356 0.98691585 1.14476134 1.20071759 1.13498895 1.12745115
 1.28433455 1.19451443 1.24575119 1.1736779  1.16006542 1.14042733
 1.21350761 1.24507514 1.22723658 1.12711543 1.34200485 1.12866474
 1.13211743 1.3566903  1.1535979  1.13420903 1.15888431 1.14068308
 1.10408836 1.13465013]
Coeficiente de Silhueta score: 0.06745818709978502
[3, 4, 6, 9, 16, 22, 23, 26, 27, 28, 29, 33, 40, 44, 45, 48, 49, 50, 53, 59, 65, 70, 72, 74, 85, 89, 90, 92, 99, 100, 101, 111, 112, 115, 121, 122, 124, 128, 132, 133, 138, 140, 149, 153, 162, 164, 170, 186, 189, 196, 197, 198, 199, 201, 203, 206, 212, 216, 220, 232, 234, 235, 245, 255, 258, 260, 261, 262, 263, 265, 266, 271, 272, 287, 288, 291, 294, 299, 300, 302, 305, 311, 313, 315, 316, 327, 331, 338, 350, 358, 360, 364, 372, 373, 376, 380, 386, 390, 391, 395, 396, 401, 405, 408, 413, 421, 423, 430, 432, 438, 439, 447, 452, 453, 469, 476, 483, 484, 488, 490, 499, 501, 508, 516, 517, 520, 522, 523, 524, 526, 537, 544, 553, 560, 563, 569, 585, 586, 589, 594, 598, 599, 602, 608, 610, 624, 627, 636, 643, 644, 647, 652, 653, 655, 657, 662, 663, 666, 673, 675, 676, 678, 680, 681, 691, 693, 694, 695, 701, 708, 712, 715, 716, 721, 727, 741, 745, 747, 754, 757, 765, 766, 768, 770, 771, 772, 782, 783, 784, 791, 808, 809, 811, 814, 815, 818, 820, 839, 842, 851, 852, 853, 854, 855, 865, 874, 875, 876, 879, 883, 884, 886, 890, 899, 902, 903, 906, 909, 914, 922, 943, 946, 951, 975, 1001, 1003, 1005, 1015, 1020, 1021, 1023, 1029, 1032, 1040, 1044, 1050, 1051, 1052, 1059, 1068, 1070, 1075, 1089, 1091, 1097, 1098, 1101, 1106, 1110, 1113, 1114, 1115, 1117, 1119, 1126, 1132, 1138, 1144, 1149, 1162, 1163, 1166, 1170, 1171, 1173, 1179, 1180, 1184, 1189, 1197, 1208, 1213, 1224, 1225, 1234, 1236, 1239, 1243, 1248, 1250, 1255, 1266, 1268, 1270, 1272, 1274, 1275, 1281, 1287, 1289, 1293, 1294, 1295, 1296, 1297, 1298, 1314, 1316, 1319, 1321, 1322, 1335, 1340, 1349, 1352, 1368, 1369, 1371, 1372, 1374, 1376, 1377, 1385, 1386, 1388, 1392, 1396, 1398, 1405, 1406, 1407, 1429, 1439, 1456, 1461, 1463, 1465, 1473, 1474, 1475, 1477, 1485, 1489, 1494, 1495, 1496, 1504, 1510, 1512, 1514, 1521, 1522, 1523, 1528, 1530, 1531, 1533, 1538, 1542, 1543, 1545, 1548, 1550, 1553, 1554, 1560, 1561, 1567, 1568, 1570, 1573, 1574, 1575, 1582, 1591, 1593, 1595, 1596, 1597, 1614, 1618, 1630, 1638, 1640, 1642, 1644, 1645, 1647, 1649, 1650, 1652, 1653, 1660, 1663, 1667, 1668, 1669, 1672, 1674, 1675, 1682, 1683, 1704, 1710, 1712, 1720, 1726, 1728, 1730, 1733, 1742, 1748, 1759, 1770, 1772, 1774, 1776, 1789, 1790, 1804, 1808, 1809, 1810, 1811, 1817, 1821, 1825, 1832, 1835, 1841, 1842, 1843, 1844, 1847, 1853, 1854, 1855, 1859, 1862, 1864, 1866, 1867, 1868, 1873, 1876, 1878, 1879, 1882, 1885, 1892, 1898, 1909, 1912, 1914, 1918, 1919, 1921, 1934, 1935, 1937, 1938, 1939, 1940, 1946, 1950, 1952, 1959, 1965, 1968, 1969, 1973, 1974, 1975, 1979, 1989, 1994, 1996, 1998, 2007, 2011, 2015, 2026, 2027, 2029, 2035, 2042, 2043, 2045, 2053, 2058, 2063, 2064, 2065, 2068, 2070, 2085, 2094, 2096, 2099, 2104, 2107, 2111, 2113, 2115, 2123, 2125, 2131, 2134, 2146, 2147, 2159, 2162, 2171, 2175, 2176, 2183, 2184, 2189, 2190, 2194, 2200, 2206, 2209, 2210, 2212, 2213, 2221, 2223, 2225, 2230, 2232, 2236, 2238, 2240, 2243, 2248, 2249, 2252, 2257, 2258, 2259, 2260, 2265, 2267, 2269, 2270, 2277, 2278, 2280, 2285, 2297, 2302, 2303, 2304, 2308, 2314, 2316, 2320, 2326, 2331, 2332, 2346, 2352, 2364, 2367, 2369, 2372, 2378, 2382, 2401, 2407, 2409, 2413, 2415, 2417, 2421, 2425, 2426, 2430, 2439, 2443, 2444, 2449, 2450, 2454, 2459, 2460, 2462, 2465, 2471, 2473, 2477, 2478, 2479, 2481, 2482, 2483, 2488, 2491, 2498, 2500, 2501, 2502, 2503, 2504, 2507, 2508, 2510, 2512, 2513, 2515, 2516, 2517, 2518, 2529, 2535, 2539, 2544, 2546, 2550, 2554, 2572, 2578, 2580, 2583, 2597, 2602, 2604, 2607, 2614, 2619, 2620, 2624, 2630, 2634, 2635, 2640, 2642, 2649, 2650, 2657, 2663, 2665, 2667, 2671, 2676, 2682, 2683, 2684, 2686, 2692, 2705, 2707, 2708, 2710, 2711, 2712, 2720, 2723, 2724, 2726, 2728, 2729, 2732, 2735, 2736, 2737, 2739, 2750, 2752, 2756, 2757, 2764, 2768, 2769, 2771, 2773, 2775, 2778, 2792, 2800, 2802, 2803, 2807, 2809, 2812, 2815, 2824, 2827, 2829, 2833, 2835, 2842, 2849, 2851, 2853, 2858, 2863, 2869, 2873, 2875, 2878, 2881, 2884, 2889, 2895, 2898, 2905, 2907, 2910, 2912, 2914, 2915, 2917, 2920, 2922, 2924, 2929, 2930, 2932, 2936, 2939, 2949, 2950, 2952, 2954, 2957, 2959, 2960, 2964, 2967, 2968, 2973, 2974, 2979, 2981, 2989, 2991, 2992, 2995, 2999, 3005, 3006, 3007, 3011, 3019, 3025, 3028, 3030, 3044, 3046, 3050, 3055, 3056, 3061, 3062, 3066, 3068, 3070, 3071, 3074, 3079, 3085, 3086, 3089, 3090, 3094, 3096, 3098, 3108, 3114, 3116, 3118, 3119, 3120, 3126, 3127, 3131, 3142, 3143, 3144, 3150, 3153, 3157, 3161, 3168, 3176, 3183, 3195, 3196, 3200, 3204, 3206, 3207, 3210, 3213, 3215, 3219, 3230, 3240, 3243, 3249, 3254, 3256, 3259, 3272, 3276, 3290, 3300, 3305, 3309, 3311, 3316, 3335, 3343, 3350, 3352, 3360, 3361, 3365, 3375, 3384, 3385, 3388, 3394, 3409, 3413, 3423, 3424, 3426, 3427, 3432, 3436, 3441, 3445, 3446, 3451, 3455, 3456, 3460, 3462, 3463, 3464, 3468, 3472, 3475, 3479, 3482, 3484, 3487, 3488, 3490, 3496, 3498, 3500, 3507, 3508, 3509, 3513, 3517, 3519, 3523, 3524, 3527, 3529, 3541, 3545, 3546, 3547, 3548, 3555, 3557, 3559, 3560, 3566, 3575, 3578, 3584, 3591, 3595, 3596, 3602, 3607, 3608, 3609, 3611, 3612, 3615, 3620, 3627, 3633, 3634, 3638, 3641, 3642, 3644, 3646, 3647, 3650, 3652, 3655, 3658, 3661, 3665, 3668, 3670, 3671, 3677, 3679, 3680, 3695, 3696, 3699, 3701, 3704, 3706, 3718, 3722, 3727, 3729, 3731, 3744, 3749, 3751, 3753, 3755, 3757, 3759, 3761, 3763, 3766, 3767, 3768, 3769, 3770, 3778, 3792, 3793, 3795, 3799, 3801, 3803, 3807, 3811, 3813, 3814, 3818, 3819, 3821, 3831, 3833, 3836, 3837, 3840, 3842, 3848, 3857, 3859, 3862, 3864, 3871, 3878, 3879, 3880, 3883, 3885, 3886, 3887, 3896, 3898, 3899, 3903, 3907, 3909, 3912, 3920, 3921, 3924, 3929, 3932, 3935, 3938, 3941, 3945, 3946, 3948, 3951, 3955, 3956, 3957, 3958, 3960, 3962, 3963, 3969, 3972, 3973, 3975, 3978, 3979, 3981, 3983, 3985, 3987, 3988, 3990, 3991, 3998, 4009, 4011, 4012, 4014, 4019, 4023, 4024, 4025, 4027, 4028, 4030, 4031, 4034, 4035, 4036, 4040, 4041, 4046, 4047, 4049, 4050, 4058, 4059, 4060, 4062, 4064, 4066, 4068, 4072, 4075, 4080, 4081, 4083, 4084, 4086, 4091, 4094, 4095, 4098, 4106, 4112, 4113, 4116, 4118, 4121, 4125, 4128, 4132, 4133, 4138, 4140, 4155, 4157, 4166, 4168, 4172, 4175, 4177, 4179, 4182, 4189, 4200, 4202, 4203, 4204, 4212, 4213, 4222, 4228, 4231, 4232, 4240, 4243, 4246, 4247, 4253, 4256, 4257, 4260, 4261, 4262, 4265, 4267, 4274, 4280, 4281, 4289, 4296, 4297, 4300, 4302, 4307, 4309, 4313, 4318, 4319, 4323, 4324, 4325, 4330, 4335, 4344, 4347, 4348, 4353, 4357, 4358, 4360, 4362, 4363, 4365, 4369, 4370, 4380, 4383, 4384, 4386, 4389, 4392, 4399, 4408, 4409, 4411, 4412, 4413, 4416, 4421, 4422, 4423, 4424, 4426, 4434, 4437, 4441, 4445, 4452, 4454, 4465, 4467, 4469, 4472, 4475, 4478, 4480, 4484, 4486, 4489, 4490, 4501, 4503, 4505, 4508, 4510, 4511, 4520, 4533, 4537, 4541, 4542, 4548, 4553, 4556, 4557, 4565, 4574, 4575, 4583, 4584, 4587, 4590, 4595, 4596, 4610, 4614, 4617, 4627, 4631, 4633, 4641, 4643, 4645, 4648, 4650, 4652, 4654, 4659, 4668, 4669, 4676, 4677, 4678, 4679, 4681, 4683, 4689, 4690, 4697, 4702, 4703, 4705, 4709, 4710, 4715, 4723, 4733, 4744, 4745, 4749, 4753, 4758, 4764, 4765, 4769, 4771, 4776, 4783, 4787, 4789, 4790, 4791, 4797, 4802, 4806, 4809, 4814, 4829, 4830, 4831, 4832, 4834, 4840, 4843, 4854, 4861, 4863, 4864, 4867, 4870, 4871, 4876, 4877, 4878, 4884, 4888, 4903, 4904, 4913, 4921, 4926, 4927, 4931, 4955, 4956, 4958, 4959, 4962, 4963, 4968, 4991, 5005, 5010, 5012, 5017, 5018, 5025, 5028, 5034, 5037, 5045, 5046, 5049, 5054, 5060, 5071, 5077, 5089, 5091, 5100, 5105, 5113, 5114, 5119, 5120, 5131, 5138, 5142, 5152, 5153, 5166, 5169, 5179, 5189, 5191, 5195, 5201, 5208, 5213, 5214, 5230, 5234, 5236, 5237, 5244, 5249, 5254, 5255, 5256, 5258, 5259, 5263, 5264, 5265, 5271, 5274, 5275, 5279, 5288, 5291, 5298, 5299, 5300, 5301, 5308, 5314, 5316, 5317, 5338, 5339, 5346, 5347, 5354, 5364, 5368, 5369, 5373, 5375, 5377, 5384, 5387, 5390, 5393, 5394, 5395, 5407, 5410, 5434, 5436, 5441, 5442, 5443, 5444, 5445, 5447, 5452, 5453, 5462, 5464, 5471, 5472, 5474, 5475, 5478, 5498, 5502, 5504, 5507, 5509, 5514, 5516, 5518, 5519, 5523, 5525, 5532, 5534, 5536, 5539, 5540, 5542, 5544, 5548, 5552, 5558, 5560, 5571, 5572, 5577, 5581, 5593, 5601, 5607, 5610, 5611, 5613, 5619, 5620, 5625, 5627, 5632, 5640, 5641, 5642, 5643, 5646, 5650, 5651, 5656, 5658, 5659, 5669, 5686, 5691, 5695, 5700, 5705, 5713, 5714, 5730, 5737, 5749, 5757, 5764, 5765, 5768, 5770, 5775, 5776, 5777, 5779, 5780, 5783, 5785, 5793, 5796, 5797, 5804, 5808, 5809, 5812, 5813, 5814, 5815, 5816, 5817, 5832, 5835, 5836, 5839, 5840, 5853, 5855, 5856, 5861, 5869, 5871, 5873, 5878, 5883, 5886, 5890, 5896, 5911, 5915, 5933, 5942, 5943, 5950, 5951, 5957, 5965, 5966, 5967, 5976, 5980, 5981, 5982, 6000, 6001, 6003, 6004, 6011, 6016, 6022, 6024, 6025, 6029, 6033, 6040, 6041, 6046, 6048, 6049, 6050, 6051, 6052, 6054, 6058, 6061, 6072, 6075, 6085, 6088, 6096, 6100, 6103, 6104, 6189, 6190, 6200, 6201, 6203, 6211, 6220, 6228, 6237, 6240, 6244, 6247, 6261, 6272, 6273, 6277, 6288, 6293, 6294, 6302, 6311, 6318, 6320, 6325, 6328, 6332, 6335, 6336, 6347, 6356, 6359, 6364, 6366, 6370, 6371, 6377, 6382, 6383, 6395, 6402, 6404, 6406, 6407, 6417, 6424, 6426, 6433, 6444, 6446, 6448, 6459, 6467, 6474, 6477, 6485, 6486, 6487, 6490, 6493, 6497, 6500, 6509, 6513, 6520, 6522, 6636, 6645, 6647, 6648, 6649, 6650, 6652, 6656, 6657, 6674, 6680, 6686, 6687, 6692, 6693, 6695, 6707, 6711, 6716, 6717, 6719, 6724, 6726, 6727, 6731, 6738, 6739, 6740, 6742, 6743, 6744, 6746, 6756, 6760, 6767, 6770, 6771, 6772, 6776, 6778, 6781, 6784, 6793, 6804, 6806, 6807, 6809, 6826, 6891, 6912, 6917, 6918, 6923, 6925, 6939, 6944, 6950, 6964, 6969, 6970, 6973, 6979, 6987, 6991, 6998, 7005, 7011, 7016, 7023, 7030, 7035, 7036, 7041, 7042, 7044, 7048, 7054, 7063, 7065, 7067, 7074, 7082, 7083, 7084, 7085, 7091, 7092, 7096, 7100, 7101, 7102, 7104, 7105, 7108, 7117, 7121, 7125, 7126, 7177, 7208, 7217, 7218, 7221, 7228, 7231, 7242, 7243, 7249, 7254, 7255, 7256, 7258, 7261, 7262, 7265, 7266, 7268, 7269, 7274, 7276, 7277, 7285, 7296, 7299, 7302, 7307, 7308, 7314, 7323, 7328, 7395, 7404, 7406, 7413, 7416, 7420, 7422, 7426, 7427, 7429, 7433, 7434, 7437, 7442, 7446, 7447, 7453, 7454, 7455, 7456, 7457, 7462, 7516, 7519, 7524, 7527, 7531, 7533, 7534, 7535, 7538, 7540, 7542, 7548, 7551, 7563, 7572, 7573, 7578, 7579, 7584, 7585, 7587, 7590, 7593, 7595, 7599, 7603, 7604, 7605, 7610, 7611, 7612, 7617, 7618, 7630, 7636, 7639, 7640, 7644, 7652, 7654, 7655, 7657, 7667, 7668, 7669, 7672, 7673, 7678, 7684, 7685, 7686, 7691, 7692, 7696, 7711, 7713, 7715, 7719, 7722, 7732, 7734, 7736, 7737, 7741, 7749, 7752, 7753, 7755, 7764, 7766, 7772, 7773, 7775, 7776, 7779, 7780, 7790, 7791, 7801, 7806, 7813, 7823, 7828, 7885, 7908, 7911, 7913, 7930, 7931, 7933, 7947, 7958, 7968, 7976, 7977, 7980, 7982, 7983, 7985, 7986, 8003, 8008, 8010, 8014, 8017, 8021, 8026, 8027, 8044, 8047, 8050, 8054, 8057, 8058, 8059, 8063, 8067, 8069, 8082, 8084, 8088, 8089, 8090, 8092, 8093, 8102, 8105, 8110, 8111, 8115, 8129, 8133, 8139, 8142, 8143, 8148, 8160, 8163, 8164, 8167, 8170, 8187, 8188, 8249, 8273, 8277, 8290, 8293, 8301, 8302, 8307, 8311, 8314, 8331, 8332, 8333, 8343, 8349, 8367, 8368, 8371, 8372, 8375, 8376, 8377, 8383, 8386, 8389, 8392, 8395, 8397, 8402, 8403, 8407, 8413, 8428, 8442, 8451, 8457, 8468, 8471, 8481, 8484, 8489, 8492, 8493, 8501, 8505, 8506, 8507, 8513, 8522, 8530, 8533, 8537, 8540, 8543, 8545, 8556, 8557, 8558, 8577, 8581, 8582, 8590, 8598, 8600, 8601, 8609, 8622, 8626, 8630, 8631, 8641, 8648, 8661, 8688, 8710, 8761, 8831, 8833, 8846, 8848, 8849, 8855, 8860, 8861, 8863, 8865, 8873, 8874, 8882, 8886, 8888, 8891, 8907, 8908, 8919, 8926, 8937, 8939, 8940, 8946, 8947, 8953, 8964, 8973, 8977, 8985, 8989, 8993, 8994, 9005, 9008, 9009, 9011, 9014, 9017, 9021, 9022, 9026, 9038, 9039, 9042, 9046, 9052, 9055, 9056, 9057, 9068, 9081, 9082, 9095, 9096, 9097, 9099, 9105, 9106, 9109, 9117, 9119, 9120, 9127, 9128, 9137, 9138, 9139, 9140, 9143, 9144, 9152, 9154, 9158, 9163, 9164, 9165, 9166, 9168, 9180, 9182, 9186, 9188, 9191, 9194, 9214, 9217, 9219, 9226, 9238, 9240, 9243, 9246, 9249, 9264, 9268, 9273, 9288, 9289, 9290, 9291, 9296, 9298, 9314, 9328, 9336, 9345, 9360, 9368, 9372, 9375, 9376, 9377, 9381, 9406, 9410, 9415, 9417, 9429, 9431, 9436, 9444, 9445, 9457, 9459, 9464, 9466, 9468, 9474, 9477, 9484, 9485, 9490, 9500, 9503, 9509, 9511, 9534, 9538, 9539, 9546, 9551, 9558, 9571, 9573, 9574, 9578, 9593, 9598, 9610, 9619, 9623, 9625, 9626, 9631, 9632, 9643, 9650, 9652, 9664, 9682, 9688, 9703, 9705, 9708, 9715, 9718, 9732, 9740, 9746, 9750, 9753, 9761, 9762, 9769, 9770, 9771, 9775, 9781, 9796, 9802, 9811, 9818, 9820, 9830, 9837, 9839, 9844, 9847, 9851, 9854, 9858, 9861, 9867, 9870, 9882, 9884, 9890, 9892, 9894, 9902, 9904, 9905, 9921, 9932, 9938, 9942, 9946, 9995, 9998, 10001, 10002, 10003, 10005, 10014, 10015, 10023, 10025, 10026, 10027, 10031, 10036, 10039, 10055, 10057, 10069, 10073, 10074, 10078, 10081, 10083, 10088, 10094, 10095, 10096, 10097, 10103, 10107, 10121, 10124, 10125, 10128, 10129, 10131, 10137, 10142, 10143, 10150, 10157, 10159, 10163, 10165, 10166, 10168, 10179, 10180, 10213, 10214, 10244, 10249, 10255, 10271, 10272, 10278, 10279, 10280, 10281, 10284, 10288, 10298, 10300, 10306, 10319, 10328, 10336, 10343, 10344, 10346, 10356, 10359, 10369, 10370, 10375, 10376, 10387, 10400, 10402, 10406, 10417, 10438, 10439, 10461, 10462, 10473, 10489, 10491, 10492, 10496, 10498, 10500, 10508, 10509, 10510, 10516, 10520, 10532, 10542, 10546, 10547, 10556, 10565, 10584, 10594, 10595, 10628, 10636, 10659, 10688, 10691, 10692, 10702, 10714, 10720, 10722, 10729, 10730, 10743, 10745, 10758, 10769, 10780, 10792, 10793, 10800, 10801, 10804, 10806, 10808, 10821, 10857, 10858, 10871, 10878, 10885, 10894, 10895, 10896, 10902, 10908, 10909, 10919, 10923, 10936, 10938, 10944, 10945, 10950, 10975, 10976, 10985, 10986, 10992, 10994, 10999, 11002, 11006, 11008, 11012, 11016, 11042, 11049, 11052, 11063, 11071, 11072, 11079, 11082, 11084, 11087, 11091, 11099, 11103, 11104, 11105, 11106, 11124, 11126, 11129, 11133, 11137, 11139, 11141, 11148, 11149, 11154, 11163, 11164, 11167, 11169, 11170, 11171, 11175, 11176, 11177, 11191, 11196, 11200, 11209, 11213, 11224, 11225, 11228, 11229, 11231, 11232, 11237, 11239, 11241, 11247, 11252, 11256, 11262, 11267, 11272, 11277, 11286, 11294, 11298, 11304, 11307, 11316, 11319, 11325, 11335, 11344, 11346, 11350, 11353, 11356, 11359, 11361, 11367, 11371, 11383, 11385, 11388, 11392, 11394, 11395, 11402, 11405, 11406, 11407, 11409, 11411, 11427, 11431, 11437, 11441, 11446, 11448, 11450, 11457, 11459, 11465, 11474, 11478, 11483, 11494, 11522, 11523, 11526, 11536, 11537, 11546, 11548, 11552, 11561, 11563, 11571, 11575, 11576, 11585, 11587, 11589, 11590, 11600, 11601, 11602, 11604, 11607, 11611, 11621, 11622, 11632, 11633, 11635, 11636, 11640, 11641, 11643, 11646, 11655, 11659, 11663, 11675, 11676, 11677, 11678, 11687, 11697, 11702, 11712, 11719, 11721, 11722, 11725, 11742, 11745, 11754, 11756, 11775, 11776, 11780, 11783, 11787, 11791, 11800, 11802, 11806, 11822, 11823, 11837, 11840, 11845, 11846, 11848, 11850, 11858, 11863, 11864, 11870, 11874, 11878, 11879, 11883, 11884, 11897, 11910, 11919, 11921, 11922, 11923, 11941, 11942, 11943, 11944, 11948, 11953, 11965, 11966, 11968, 11972, 11985, 11986, 11990, 11995, 11998, 12003, 12007, 12009, 12015, 12021, 12024, 12032, 12035, 12036, 12037, 12043, 12048, 12051, 12069, 12079, 12084, 12086, 12089, 12092, 12096, 12097, 12102, 12107, 12109, 12117, 12119, 12122, 12139, 12142, 12151, 12157, 12160, 12168, 12169, 12178, 12185, 12193, 12201, 12203, 12208, 12218, 12220, 12222, 12223, 12229, 12230, 12237, 12238, 12240, 12243, 12245, 12246, 12250, 12251, 12255, 12260, 12272, 12275, 12278, 12281, 12303, 12311, 12312, 12313, 12320, 12325, 12326, 12330, 12332, 12333, 12337, 12345, 12347, 12348, 12351, 12352, 12353, 12355, 12356, 12366, 12368, 12378, 12386, 12392, 12399, 12400, 12403, 12406, 12409, 12412, 12414, 12415, 12421, 12424, 12432, 12440, 12442, 12447, 12453, 12456, 12458, 12460, 12461, 12463, 12464, 12468, 12472, 12476, 12478, 12480, 12482, 12483, 12485, 12488, 12501, 12510, 12518, 12527, 12532, 12534, 12539, 12540, 12545, 12548, 12553, 12561, 12562, 12567, 12570, 12574, 12578, 12582, 12584, 12585, 12590, 12605, 12607, 12611, 12612, 12617, 12621, 12626, 12629, 12630, 12636, 12642, 12651, 12653, 12655, 12658, 12664, 12666, 12670, 12676, 12679, 12681, 12684, 12686, 12688, 12689, 12691, 12693, 12694, 12698, 12704, 12717, 12719, 12720, 12722, 12723, 12724, 12727, 12729, 12731, 12734, 12736, 12740, 12743, 12744, 12747, 12760, 12764, 12765, 12767, 12769, 12775, 12776, 12777, 12782, 12784, 12785, 12791, 12796, 12797, 12801, 12809, 12834, 12843, 12846, 12847, 12850, 12857, 12861, 12865, 12867, 12869, 12880, 12883, 12884, 12887, 12891, 12896, 12903, 12913, 12915, 12916, 12928, 12929, 12935, 12940, 12946, 12949, 12953, 12958, 12967, 12977, 12979, 12980, 12981, 12984, 12985, 12994, 13005, 13006, 13007, 13013, 13029, 13030, 13036, 13042, 13044, 13045, 13054, 13061, 13063, 13065, 13067, 13069, 13072, 13074, 13075, 13077, 13079, 13089, 13092, 13097, 13100, 13106, 13117, 13124, 13126, 13130, 13136, 13138, 13161, 13162, 13169, 13175, 13182, 13185, 13187, 13195, 13196, 13200, 13210, 13212, 13214, 13215, 13216, 13226, 13229]
[722, 1353, 1448, 1784, 2128, 2350, 2850, 3123, 3442, 3494, 4085, 4284, 4336, 4568, 4661, 4747, 4766, 4773, 4989, 5094, 5324, 5710, 6065, 6122, 6128, 6139, 6140, 6142, 6143, 6144, 6146, 6150, 6259, 6505, 7022, 7070, 7271, 7574, 7781, 8414, 8461, 8769, 9013, 9827, 10158, 11735, 12118, 12379, 12469, 12894]
[6469, 7317, 8970]
[9864, 10160, 10225, 10246, 10292, 10323, 10353, 10443, 10455, 10524, 10550, 10551, 10593, 10598, 10706, 10740, 10785, 10817, 11069, 11096, 11135, 11150, 11183, 11187, 11233, 11234, 11253, 11337, 11358, 11372, 11374, 11386, 11387, 11399, 11404, 11416, 11422, 11435, 11464, 11481, 11484, 11486, 11503, 11518, 11527, 11528, 11529, 11559, 11591, 11597, 11625, 11639, 11670, 11680, 11683, 11708, 11738, 11768, 11801, 11813, 11826, 11849, 11890, 11901, 11937, 11950, 12034, 12039, 12077, 12078, 12090, 12152, 12225, 12227, 12241, 12256, 12274, 12293, 12306, 12307, 12323, 12327, 12354, 12358, 12389, 12394, 12413, 12419, 12452, 12466, 12470, 12471, 12481, 12490, 12503, 12508, 12596, 12742, 12762, 12771, 12868, 12899, 12901, 12904, 12922, 12942, 12970, 12971, 12989, 12997, 13009, 13038, 13086, 13101, 13137, 13156, 13199]
[104, 139, 317, 1714, 1927, 2144, 2207, 2307, 2470, 2725, 2862, 2942, 3288, 3681, 3741, 3966, 4546, 4727, 4754, 4800, 5044, 5090, 5128, 5359, 5928, 5934, 6260, 6269, 7530, 7541, 7975, 8034, 8366, 9544, 9566, 9714, 9734, 9739, 9758, 9985, 10061, 10065, 10228, 10911, 10998, 11215, 11463, 11485, 11505, 11554, 11638, 12002, 12214, 12371, 12853, 12991, 13000, 13168]
[580, 1516, 2208, 2788, 3888, 4065, 4700, 8153, 9399, 11168, 11962, 12098, 12099, 12973, 13078, 13178]
[955, 957, 959, 960, 963, 966, 967, 970, 972, 973, 974, 977, 979, 981, 982, 983, 984, 985, 986, 987, 988, 991, 994, 995, 996, 997, 998, 999, 1000, 1002, 1004, 1006, 1010, 1012, 1014, 1017, 1024, 1027, 1028, 1030, 1034, 1036, 1038, 1042, 1045, 1065, 1074]
[6090, 6234, 6296, 6346, 6396, 6445, 6501, 6666, 6732, 6799, 6947, 6999, 7050, 7107, 7248, 7310, 7438, 7547, 7597, 7648, 7703, 7754, 7809, 7950, 8015, 8065, 8116, 8180, 8313, 8373, 8437, 8486, 8535, 8584, 8640, 8875, 8938, 9001, 9072, 9159, 9209, 9271]
[37, 142, 632, 2321, 2593, 2706, 2790, 2897, 4526, 4586, 5239, 5491, 5501, 5545, 5759, 7952, 9724, 9909, 10723, 10991, 11246, 11332, 11664, 11688, 12616, 13125]
[172, 178, 179, 180, 181, 233, 314, 356, 374, 431, 465, 467, 479, 552, 561, 562, 564, 579, 605, 622, 628, 658, 664, 687, 696, 755, 778, 779, 780, 781, 828, 881, 938, 952, 956, 961, 962, 964, 965, 968, 969, 971, 976, 978, 980, 990, 992, 993, 1007, 1054, 1155, 1156, 1175, 1176, 1177, 1178, 1186, 1187, 1188, 1230, 1242, 1271, 1313, 1328, 1351, 1355, 1357, 1366, 1379, 1381, 1382, 1389, 1390, 1394, 1401, 1414, 1437, 1455, 1479, 1493, 1519, 1520, 1646, 1664, 1665, 1676, 1678, 1693, 1698, 1700, 1711, 1713, 1715, 1716, 1801, 1915, 1916, 1936, 1967, 2009, 2013, 2040, 2071, 2074, 2077, 2079, 2118, 2135, 2186, 2198, 2199, 2205, 2389, 2414, 2431, 2566, 2588, 2626, 2636, 2770, 2852, 3047, 3101, 3130, 3139, 3163, 3171, 3202, 3214, 3239, 3257, 3268, 3280, 3310, 3319, 3320, 3323, 3342, 3371, 3382, 3401, 3444, 3571, 3576, 3577, 3631, 3643, 3682, 3847, 3931, 5845, 5865, 5952]
[103, 322, 397, 584, 612, 735, 907, 1039, 1169, 1246, 1362, 1391, 1426, 1525, 1536, 1648, 1747, 1861, 2380, 2664, 3078, 3279, 3282, 3297, 3304, 3324, 3379, 3391, 3556, 4007, 4044, 4671, 5225, 5914, 6217, 6256, 6275, 6334, 6361, 6510, 6530, 6531, 6554, 6605, 6619, 6620, 6622, 6627, 6631, 6639, 6737, 6745, 6752, 6753, 6779, 6783, 6788, 6836, 6916, 7127, 7142, 7163, 7212, 7700, 7956, 8040, 8094, 8095, 8125, 8154, 8156, 8275, 8359, 8519, 8550, 8564, 8629, 8802, 9167, 9171, 9299, 9747, 10314, 12053]
[831, 897, 1121, 1409, 1415, 1472, 2108, 2137, 2356, 2365, 2440, 2661, 2761, 2921, 2931, 2965, 3014, 3216, 3338, 3511, 3601, 3906, 3911, 3914, 4395, 4451, 4845, 4911, 5190, 5401, 5712, 5842, 6230, 6684, 6922, 7071, 7712, 7716, 8036, 8108, 8531, 9343, 9374, 9380, 9465, 9601, 9743, 9871, 10018, 10053, 10282, 10283, 10327, 10330, 10367, 10389, 10718, 10770, 10888, 10889, 10982, 11178, 11249, 11250, 11320, 11348, 11424, 11513, 11530, 11533, 11566, 12042, 12068, 12082, 12149, 12154, 12385, 12404, 12416, 12441, 12449, 12455, 12459, 12504, 12506, 12529, 12645, 12652, 12659, 12715, 12962, 13017]
[6099, 6111, 6113, 6115, 6116, 6118, 6119, 6127, 6129, 6130, 6132, 6134, 6135, 6136, 6141, 6147, 6148, 6149, 6151, 6152, 6154, 6156, 6157, 6158, 6160, 6161, 6162, 6164, 6167, 6171, 6172, 6173, 6175, 6177, 6178, 6180, 6186, 6188, 6191, 6195, 6199, 6204, 6209, 6245, 6250]
[6197, 6314, 7770, 7970, 8041, 8174, 8379, 8504, 8604, 9252]
[84, 207, 340, 381, 763, 861, 1151, 1202, 1258, 1299, 1422, 1452, 1703, 1718, 2020, 2021, 2025, 2384, 2673, 2860, 2904, 3235, 3687, 5622, 6079, 6392, 6457, 6730, 6872, 6903, 7000, 7445, 7557, 7768, 8009, 8106, 8475, 8502, 8623, 8740, 8767, 8842, 8871, 8951, 9079, 9080, 9157, 9233, 9247]
[799, 1033, 1062, 1701, 1762, 1815, 1929, 2075, 2124, 2143, 2263, 2330, 2333, 2553, 2599, 2693, 2786, 2901, 2938, 2947, 2956, 2984, 3113, 3693, 4592, 5295, 6285, 6909, 7234, 7494, 8001, 8053, 8062, 8172, 8447, 8477, 8574, 8621, 9236, 10313, 11114]
[57, 406, 798, 924, 1338, 1501, 1555, 1639, 1727, 2044, 2103, 2376, 2447, 2746, 2899, 3224, 3449, 3881, 4105, 4234, 4340, 4438, 4488, 4506, 4507, 4534, 4684, 4704, 4730, 4881, 5048, 5176, 5831, 5960, 6249, 6251, 6280, 6331, 6388, 6423, 6481, 6559, 6757, 6789, 6808, 6985, 6990, 7038, 7052, 7110, 7135, 7233, 7237, 7292, 7297, 7309, 7358, 7366, 7532, 7721, 7799, 7818, 7899, 7997, 8049, 8052, 8091, 8107, 8169, 8246, 8348, 8417, 8421, 8528, 8569, 8613, 8625, 8867, 8916, 8981, 9174, 9199, 9218, 9697, 10230, 10385, 10393, 10419, 10488, 10814, 10816, 10963, 11025, 11210, 11540, 11542, 11760, 12132, 12287, 13149]
[93, 292, 732, 773, 813, 859, 877, 1706, 1787, 1865, 1913, 2069, 2095, 2291, 3148, 3344, 3756, 3800, 3936, 4136, 4299, 4401, 4419, 5070, 5402, 5479, 5736, 5756, 5939, 6367, 6455, 6483, 6660, 6703, 7114, 7325, 7649, 8061, 8182, 8191, 8321, 8329, 8753, 8928, 8983, 9019, 9110, 9111, 9785, 9817, 9957, 10969, 11226, 12156, 12609, 12822]
[464, 590, 592, 810, 1267, 1462, 1506, 1731, 1780, 1851, 2214, 2744, 3794, 4090, 4201, 4443, 4662, 5095, 5325, 5781, 5989, 6053, 9438, 9448, 9620, 9661, 9748, 9804, 9917, 9950, 9961, 9973, 10098, 10106, 10195, 10529, 10563, 10783, 10879, 10927, 11339, 11375, 11509, 11511, 11856, 11992, 12004, 12005, 12164, 12788, 12823, 12825, 13024, 13046]
[355, 450, 704, 4894, 6133, 6517, 6863, 6935, 7399, 7681, 7709, 8020, 8145, 8455, 8499, 9260, 9383, 9537, 9547, 11668]
[463, 491, 684, 686, 688, 689, 893, 2014, 2703, 3465, 3783, 3954, 4242, 4562, 4699, 4825, 5194, 6515, 9577, 9669, 9773, 9886, 10139, 10199, 10261, 10861, 11369, 12410, 12711]
[3140, 4513, 4990, 9387, 9450, 9454, 9552, 9640, 9656, 9702, 9722, 9737, 9835, 9853, 9872, 9980, 9988, 9990, 10038, 10091, 10321, 10334, 10409, 10418, 10444, 10450, 10460, 10501, 10512, 10518, 10527, 10552, 10569, 10613, 10627, 10640, 10645, 10657, 10658, 10695, 10708, 10811, 10815, 10855, 10922, 10984, 11009, 11056, 11080, 11086, 11270, 11303, 11472, 11647, 11703, 11706, 11710, 11989, 12163, 12207, 12428, 12431, 12444, 12445, 12756, 12858, 13052]
[154, 155, 214, 215, 228, 442, 723, 725, 825, 888, 1546, 1752, 1791, 1793, 2112, 2628, 2937, 3476, 3961, 4250, 4476, 4929, 4980, 4987, 5193, 5238, 5330, 5365, 5990, 6015, 6718, 7006, 7305, 7939, 7945, 7978, 9141, 9142, 9426, 9630, 10075, 10170, 10171, 10191, 10234, 10380, 10466, 10553, 11204, 11434, 11506, 11588, 11699, 11714, 11718, 11727, 11734, 11736, 12165, 12167, 12299, 12395, 12396, 12401, 12555, 12950, 13059, 13060, 13176]
[1336, 1403, 1517, 1549, 1583, 2000, 2080, 2081, 2196, 2397, 2402, 3154, 3339, 3417, 4056, 5846, 6571, 6839, 7239, 7658, 7677, 7679, 7784, 8099, 8166, 8408, 8479, 8649, 8927]
[604, 720, 1370, 1490, 2087, 2177, 2495, 2496, 2702, 2754, 3192, 3278, 3534, 3740, 3754, 3810, 3812, 3874, 3889, 3995, 4221, 4616, 4869, 4873, 4886, 4957, 5002, 5039, 5061, 5192, 6042, 6087, 6196, 6278, 6326, 6333, 6439, 6478, 6691, 6708, 6983, 6993, 7049, 7230, 7238, 7246, 7544, 7641, 7738, 7783, 7814, 8060, 8070, 8127, 8292, 8399, 8441, 8448, 8483, 8503, 8567, 8619, 8627, 8783, 8978, 9093, 9094, 9121, 9122, 9321, 9745, 10312, 11415, 11578, 12072, 12315, 12350, 12770]
[492, 493, 494, 495, 498, 500, 507, 1833, 1945, 2129, 2977, 3791, 3968, 4538, 4752, 4942, 5154, 5638, 5973, 6059, 6071, 6093, 6239, 6365, 6632, 6683, 6961, 7188, 7245, 7411, 7440, 7759, 7789, 7926, 8101, 8467, 8488, 8887, 9030, 9089, 9090, 9285, 9530, 10523, 10652, 10841, 10904, 10965, 10968, 11283, 11690, 12217, 12701, 12746, 12882, 13142]
[227, 1491, 2527, 2561, 2670, 2854, 3063, 3105, 3341, 3410, 4097, 4103, 4455, 5211, 5983, 7031, 9033, 9309, 10410, 10576, 11159, 11161, 11165, 11172, 11173, 11194, 11197, 11198, 11258, 11490, 12859]
[188, 1803, 2709, 2797, 3660, 4126, 4673, 4966, 9471, 9698, 9798, 9898, 9913, 9923, 9960, 9962, 9965, 9969, 9978, 9986, 10296, 10534, 10571, 10604, 10651, 10694, 10880, 10912, 10958, 11185, 11557, 11586, 11913, 11927, 12198, 12341, 13082, 13218]
[706, 740, 1048, 1191, 1303, 1894, 2122, 3034, 3495, 3506, 3617, 3667, 4184, 4237, 4239, 4245, 5149, 5717, 5931, 5940, 6268, 6300, 6679, 6696, 6698, 7622, 8690, 9648, 10762, 11174, 11366, 11733, 12058, 12110, 12166, 12367, 12559, 12965]
[12, 217, 927, 935, 1696, 2294, 2305, 2319, 2762, 2763, 2903, 3416, 3984, 4162, 4197, 4785, 4811, 4851, 5102, 5150, 5727, 7118, 9370, 9660, 10033, 10034, 10040, 10188, 10669, 10989, 11073, 11933, 12546, 12703, 12998, 13002]
[9389, 10480, 10481, 10728, 10794, 10813, 10827, 10838, 10839, 10840, 10843, 10850, 10853, 10866, 10869, 10870, 10875, 10883, 10887]
[11, 169, 176, 200, 703, 705, 1133, 1159, 1168, 1182, 1241, 1526, 1527, 1558, 1571, 1594, 1662, 1680, 2010, 2041, 2073, 2091, 2119, 2174, 2357, 2370, 2374, 2388, 2391, 2392, 2411, 2423, 2434, 2467, 2704, 2782, 2805, 2888, 2893, 3040, 3203, 3260, 3295, 3433, 3510, 3518, 3542, 3544, 3550, 3613, 3614, 3635, 3724, 3737, 3738, 3919, 3986, 4006, 4018, 4077, 4104, 4258, 4295, 4397, 4459, 4611, 4626, 4801, 4821, 4833, 4883, 4892, 4915, 4946, 4954, 5063, 5068, 5085, 5151, 5177, 5183, 5392, 5505, 5614, 5701, 5752, 5800, 5953, 5995, 6389, 6419, 6508, 7115, 7635, 8048, 8112, 8390, 8869, 9456, 9512, 9699, 9789, 10049, 10152, 10223, 10388, 10414, 11162, 11500, 11692, 12137, 12211, 12236, 12429, 12541, 12558, 12573, 12786, 12930, 13151]
[466, 1037, 1592, 3024, 4427, 4578, 8194, 8400, 9963, 10930, 10970, 10973, 11569]
[20, 510, 826, 844, 873, 932, 937, 944, 1035, 1043, 1207, 1218, 1245, 1311, 1365, 1373, 1425, 1532, 1813, 1874, 1926, 2024, 2039, 2083, 2216, 2222, 2234, 2274, 2275, 2335, 2493, 2549, 2689, 2691, 2767, 2836, 2883, 3012, 3083, 3212, 3220, 3473, 3503, 3551, 3567, 3572, 3684, 3692, 3714, 3728, 3745, 3854, 3872, 3923, 3933, 3964, 3965, 4052, 4061, 4092, 4096, 4181, 4191, 4210, 4235, 4287, 4290, 4298, 4333, 4352, 4387, 4393, 4470, 4517, 4536, 4540, 4550, 4603, 4612, 4618, 4629, 4637, 4686, 4721, 4750, 4761, 4819, 4922, 4934, 4967, 4999, 5007, 5042, 5066, 5086, 5137, 5196, 5199, 5309, 5313, 5342, 5433, 5488, 5535, 5568, 5584, 5639, 5667, 5680, 5681, 5684, 5702, 5789, 5837, 5848, 5867, 5945, 5971, 5979, 6102, 6192, 6265, 6476, 6676, 6791, 6798, 6919, 7020, 7043, 7396, 7467, 7474, 7481, 7484, 7496, 7502, 7508, 7526, 7707, 8136, 8140, 8340, 8539, 8614, 8628, 8832, 8976, 9208, 9282, 9316, 9318, 9323, 9362, 9385, 9469, 9487, 9614, 9624, 9642, 9685, 9692, 9788, 9792, 9891, 9895, 9906, 9907, 9912, 9958, 10008, 10048, 10062, 10105, 10156, 10203, 10205, 10227, 10275, 10304, 10347, 10352, 10362, 10365, 10413, 10431, 10442, 10464, 10479, 10499, 10544, 10568, 10736, 10749, 10765, 10787, 10906, 10947, 11037, 11039, 11109, 11315, 11390, 11442, 11471, 11492, 11507, 11654, 11713, 11750, 11763, 11781, 11790, 11792, 11824, 11828, 11833, 11851, 11861, 11929, 12012, 12020, 12060, 12087, 12101, 12133, 12155, 12190, 12219, 12262, 12277, 12297, 12300, 12301, 12369, 12372, 12391, 12425, 12568, 12633, 12709, 12757, 12844, 12875, 12936, 12947, 12952, 12955, 12957, 12959, 12963, 13071, 13091, 13105, 13107]
[241, 384, 803, 929, 936, 945, 1361, 1601, 1623, 1691, 1883, 1888, 1942, 1944, 2256, 2638, 3408, 3943, 4359, 4589, 5526, 5603, 6068, 6229, 6257, 6291, 6651, 7015, 7241, 7369, 7421, 7435, 7689, 7694, 7796, 8121, 8464, 8579, 8618, 8729, 9048, 9683, 10210, 11651, 11771, 12599]
[575, 595, 4078, 4124, 4169, 4207, 4367, 4405, 4530, 4692, 4731, 4895, 5276, 5383, 5400, 5624, 5666, 5724, 5748, 5786, 5799, 5833, 5859, 5881, 5882, 5958, 6045, 9357, 9501, 10012, 10041, 10064, 10126, 10318, 10407, 10662, 10697, 10737, 10849, 10851, 10924, 11075, 11108, 11488, 11521]
[95, 324, 437, 440, 631, 650, 672, 882, 1508, 1604, 1895, 2076, 2400, 2451, 2784, 3001, 3364, 3396, 3474, 3824, 4233, 4293, 4294, 4310, 4316, 4322, 4343, 4388, 4414, 4433, 4460, 4602, 4687, 4751, 4779, 4804, 4805, 4897, 5013, 5093, 5144, 5174, 5215, 5226, 5296, 5403, 5529, 5554, 5872, 6348, 6354, 7210, 7620, 7725, 7965, 8445, 8689, 8963, 9098, 9305, 9408, 9428, 9595, 9733, 9819, 10013, 10050, 10117, 10118, 10654, 10809, 10935, 11001, 11243, 11430, 11433, 11553, 11570, 11681, 11739, 11797, 11805, 11832, 11895, 11940, 11955, 11964, 11984, 12028, 12130, 12192, 12498, 12547, 12618, 12619, 12675, 12802, 12835, 12879, 13023, 13070, 13165]
[15, 21, 167, 236, 377, 509, 733, 792, 921, 933, 1118, 1141, 1341, 1483, 1577, 2295, 2490, 2988, 3197, 3725, 3830, 3925, 4087, 4100, 4131, 4146, 4148, 4149, 4164, 4206, 4285, 4291, 4321, 4477, 4479, 4585, 4601, 4660, 4798, 4820, 4937, 5035, 5146, 5306, 5311, 5312, 5318, 5406, 5424, 5597, 5609, 5628, 5629, 5801, 6020, 7232, 7549, 8551, 9493, 9799, 9984, 10149, 10519, 10521, 10676, 10696, 11293, 11314, 11502, 11656, 11812, 12104, 12131, 12135, 12407, 12422, 12496, 12754, 12810, 12811, 12956]
[6305, 6705, 8135, 8593, 9114, 9115, 11290]
[5, 365, 425, 486, 728, 737, 838, 1102, 1292, 1332, 1435, 1446, 1581, 1586, 1745, 1806, 1875, 1908, 1993, 2105, 2117, 2132, 2245, 2251, 2446, 2715, 3159, 3162, 3166, 3397, 3414, 3459, 4219, 4464, 4605, 4848, 4983, 5135, 5310, 5521, 5531, 5707, 5747, 5868, 5900, 6074, 6231, 6362, 6374, 6437, 6588, 6748, 6988, 7001, 7173, 7211, 7661, 7748, 7817, 7929, 8161, 8294, 8323, 8406, 8419, 8438, 8470, 8532, 8826, 8840, 8852, 8931, 9041, 9051, 9169, 9187, 9307, 9352, 9514, 9926, 10120, 10200, 10611, 10641, 10682, 10901, 11089, 11672, 11896, 11899, 12025, 12124, 12141, 12571, 12602, 12622]
[417, 3616, 3742, 4398, 4420, 4425, 4430, 5160, 5344, 5358, 5398, 5500, 10071, 10076, 10432, 11043, 11156, 11364, 11547, 11555, 12728, 12934, 13122]
[640, 683, 1026, 1157, 1438, 2169, 2195, 2211, 2219, 2255, 2264, 2287, 2329, 2340, 2347, 2363, 2410, 2437, 2456, 2466, 2480, 2487, 2506, 2514, 2521, 2528, 2540, 2565, 2574, 2587, 2596, 2609, 2646, 2666, 2714, 2722, 2730, 2740, 2745, 2748, 2753, 2765, 2772, 2776, 2785, 2789, 2794, 2801, 2810, 2826, 2831, 2834, 2837, 2841, 2847, 2855, 2861, 2867, 2872, 2876, 2880, 2885, 2892, 2900, 2906, 2913, 2916, 2919, 2927, 2933, 2941, 2945, 2951, 2955, 2958, 2963, 2969, 2976, 2980, 2985, 2987, 2994, 2997, 3003, 3008, 3013, 3021, 3026, 3029, 3032, 3036, 3041, 3043, 3049, 3054, 3057, 3065, 3069, 3084, 3091, 3097, 3102, 3106, 3111, 3122, 3132, 3137, 3146, 3149, 3155, 3160, 3169, 3172, 3173, 3174, 3175, 3181, 3185, 3189, 3190, 3194, 3201, 3208, 3217, 3225, 3231, 3237, 3253, 3261, 3267, 3274, 3277, 3281, 3286, 3292, 3296, 3301, 3306, 3308, 3313, 3317, 3325, 3328, 3333, 3340, 3347, 3355, 3359, 3363, 3369, 3376, 3381, 3386, 3389, 3392, 3398, 3404, 7432]
[1347, 1579, 3060, 3736, 3994, 4512, 6304, 6323, 6725, 6820, 6821, 7287, 7450, 7866, 7878, 7886, 8072, 8592, 8617, 8751, 9153, 9334, 9777, 10329, 10354, 10629, 11679, 11898, 12818]
[540, 571, 578, 601, 613, 679, 698, 777, 872, 1061, 1108, 1135, 1164, 1849, 1872, 1987, 2106, 2239, 2242, 2825, 3619, 3629, 3832, 4448, 4739, 5999, 6078, 6080, 6168, 6205, 6324, 6399, 6466, 6664, 6937, 7072, 7109, 7280, 7362, 7670, 7807, 7872, 7876, 7987, 8412, 8474, 8476, 8500, 8508, 8552, 8720, 8878, 8962, 9069, 9262, 9300, 9774, 10004, 10144, 10548, 10685, 10797, 11479, 11649, 12183, 12187, 12427, 12513, 12520, 12741, 12832]
[363, 739, 885, 892, 1763, 2028, 2166, 2246, 2484, 2492, 2637, 2697, 2779, 2780, 2918, 3321, 3477, 3504, 3669, 3917, 4339, 4523, 4529, 4680, 5134, 5512, 9050, 9555, 9602, 10089, 10425, 10528, 10650, 10711, 10873, 11059, 11060, 11088, 11145, 11512, 12049, 12252, 12254, 12324, 12423, 12829, 12873, 12897, 12898, 12993, 13184]
[1484, 5463, 6289, 6292, 6413, 6681, 6794, 6831, 7081, 7511, 7607, 7643, 7731, 7943, 8016, 8113, 8287, 8578, 8580, 8902, 9085, 9086, 9204, 9229]
[298, 1384, 1424, 1677, 1797, 1856, 1955, 2098, 2114, 2139, 2339, 2375, 2925, 3226, 3269, 3406, 3649, 3949, 4051, 4142, 4407, 4582, 5164, 5198, 5262, 5738, 5863, 6412, 6438, 6535, 6677, 6864, 7161, 7491, 7653, 7793, 7798, 7815, 7974, 8011, 8351, 8398, 8932, 9025, 9083, 9084, 9221, 10820, 11035, 11111, 11614, 12827, 12900, 13170]
[81, 98, 436, 804, 843, 847, 1099, 1145, 1282, 1308, 1350, 1628, 1655, 2101, 2191, 2325, 2538, 3251, 3383, 3458, 3467, 4137, 4159, 4308, 4320, 4544, 4547, 4622, 4666, 4784, 4896, 4899, 5109, 5145, 5163, 5167, 5515, 5633, 5647, 5734, 5745, 6023, 6208, 6741, 6773, 6965, 7477, 7478, 8083, 8144, 8410, 8511, 9043, 9183, 9359, 9388, 9405, 9583, 9687, 9856, 9879, 9970, 10058, 10219, 10220, 10703, 10716, 10721, 10751, 10781, 10830, 10834, 10955, 10977, 11032, 11053, 11259, 11504, 11544, 11572, 11720, 11799, 11809, 11956, 11979, 12064, 12070, 12074, 12202, 12269, 12557, 12628, 12646, 12773, 12807, 13025, 13033, 13048, 13055, 13083, 13084, 13121, 13139]
[6238, 6316, 6480, 6654, 7546, 7824, 8066, 8316, 8335, 8431, 8495, 8538, 8606, 8980, 9054, 9215, 9283]
[61, 125, 157, 225, 231, 238, 242, 247, 253, 259, 283, 304, 320, 328, 344, 379, 382, 451, 470, 482, 487, 527, 529, 533, 535, 539, 545, 558, 559, 565, 570, 690, 707, 709, 4176, 4192, 4216, 4249, 4251, 4259, 4264, 4366, 4368, 4381, 4406, 4474, 4638, 4664, 4688, 4706, 4891, 4945, 5032, 5055, 5067, 5122, 5123, 5293, 5352, 5360, 5451, 5549, 5565, 5579, 5595, 5600, 5606, 5636, 5653, 5654, 5665, 5762, 5788, 5819, 5858, 5880, 5903, 5921, 5922, 5947, 6056, 9349, 9353, 9355, 9378, 9393, 9394, 9402, 9440, 9488, 9627, 9719, 9730, 9783, 9787, 9795, 9821, 9843, 9862, 9914, 9918, 9968, 9981, 9987, 9991, 9997, 10009, 10017, 10021, 10024, 10113, 10114, 10151, 10186, 10193, 10197, 10209, 10215, 10218, 10259, 10263, 10320, 10355, 10360, 10366, 10371, 10379, 10381, 10382, 10384, 10399, 10415, 10426, 10430, 10435, 10436, 10454, 10459, 10484, 10485, 10493, 10504, 10513, 10531, 10535, 10558, 10566, 10570, 10572, 10573, 10577, 10579, 10580, 10582, 10583, 10586, 10588, 10591, 10606, 10607, 10609, 10610, 10617, 10618, 10624, 10626, 10653, 10656, 10667, 10673, 10679, 10704, 10709, 10715, 10727, 10742, 10763, 10774, 10775, 10791, 10846, 10852, 10860, 10862, 10874, 10876, 10891, 10892, 10898, 10900, 10907, 10931, 10937, 10939, 10949, 10959, 10971, 10974, 10979, 10993, 10996, 11003, 11007, 11010, 11014, 11015, 11018, 11023, 11026, 11027, 11031, 11036, 11046, 11048, 11055, 11068, 11074, 11110, 11230, 11244, 11254, 11257, 11281, 11312, 11475, 11842, 11860, 11924, 11958, 11963, 11974]
[24, 626, 1445, 1852, 1880, 2185, 2261, 2324, 2463, 2610, 2639, 2647, 2674, 3574, 3734, 4577, 4977, 5050, 5221, 5590, 5675, 5827, 6028, 6591, 7294, 8269, 8562, 10181, 11301, 11705, 12533, 12654, 12671, 12828]
[4543, 7417, 7521, 7567, 7656, 7728, 7757, 8037, 8155, 8338, 8456]
[91, 947, 1216, 1459, 1738, 2093, 2116, 2645, 2811, 3000, 3009, 3170, 3478, 3637, 3648, 3952, 3976, 4183, 4453, 4468, 4494, 4515, 4551, 4581, 4594, 4728, 4780, 4875, 4916, 4969, 5026, 5104, 5148, 5290, 5349, 5408, 5487, 5562, 5683, 5687, 5693, 5894, 5927, 5932, 6047, 6095, 6114, 6155, 6202, 6360, 6408, 6582, 7132, 7581, 8318, 8356, 8391, 8773, 8893, 9303, 9776, 10206, 10358, 10483, 10952, 10954, 11095, 11302, 11341, 11532, 11595, 11615, 11644, 11743, 11951, 12121, 12150, 12195, 12196, 12591, 12730, 13028, 13049]
[5901, 8910, 9423, 9424, 9800, 9888, 10229, 10286, 10335, 10506, 10507, 10589, 10664, 10717, 10981, 11208, 11299, 11324, 11558, 11967, 12179, 12242, 12474, 12493, 12833, 12933, 13026]
[32, 63, 73, 83, 148, 226, 301, 448, 480, 577, 896, 915, 1076, 1458, 1754, 1860, 1925, 2165, 2281, 2497, 2559, 3603, 3816, 4139, 4266, 4337, 4522, 4646, 4857, 5223, 5366, 5379, 5533, 5733, 5993, 6672, 9371, 9395, 9797, 10090, 10132, 10799, 10845, 10910, 10987, 11278, 11501, 12022, 12212, 12446, 12813, 13064]
[428, 3077, 3245, 5216, 6460, 7033, 8004, 8954, 9047, 9125, 9126, 9135, 9136]
[6083, 6236, 6355, 7010, 7055, 7319, 7321, 7767, 8480, 8536, 8677]
[504, 801, 1633, 1636, 1637, 1654, 1658, 1661, 1666, 1685, 1686, 1688, 1690, 1695, 1697, 1824, 2136, 2167, 2416, 2424, 2840, 2982, 3147, 3227, 3298, 3435, 3947, 4145, 4188, 4226, 4685, 4919, 5818, 5955, 6373, 6386, 6387, 6971, 8279, 8429, 8439, 8851, 8866, 9297, 9633, 10972, 10980, 11112, 13081]
[97, 221, 617, 699, 719, 868, 953, 1251, 1260, 1302, 1358, 1612, 1616, 1768, 1771, 2037, 2061, 2204, 2215, 2386, 2393, 2427, 2442, 2586, 3020, 3302, 3327, 3553, 3675, 3870, 3893, 3992, 4013, 4110, 4144, 4158, 4185, 4270, 4283, 4314, 4374, 4396, 4463, 4495, 4561, 4593, 4674, 4762, 4917, 4923, 4935, 4948, 5069, 5072, 5118, 5272, 5277, 5292, 5348, 5362, 5378, 5385, 5418, 5428, 5455, 5623, 5630, 5671, 5673, 5758, 5838, 5893, 5895, 5972, 6035, 6121, 6124, 6131, 6138, 6159, 6165, 6166, 6170, 6174, 6176, 6179, 6198, 6345, 6351, 6464, 6580, 6701, 6920, 6959, 7189, 7194, 7195, 7197, 7341, 7468, 7606, 7743, 7774, 7816, 7988, 8286, 8365, 8415, 8639, 8644, 9227, 9242, 9255, 9531, 9639, 10086, 10226, 10670, 10724, 10790, 11020, 11203, 11444, 11480, 11652, 11653, 11667, 11744, 11930, 11960, 11983, 12085, 12182, 12263, 12266, 12695, 12708, 12766, 12783, 13032, 13150, 13153]
[6225, 6327, 6496, 6643, 6659, 6689, 6967, 7124, 7674, 8029, 8268, 8342, 8527, 8620, 8987, 8996, 9036, 9060, 9061, 9091, 9092, 9294]
[243, 478, 785, 1137, 1277, 2179, 2282, 2284, 2435, 2530, 2648, 3022, 3033, 3218, 3252, 3412, 3538, 3561, 3580, 3590, 4471, 4504, 4539, 4742, 4759, 4786, 4947, 5000, 5220, 5337, 5405, 5409, 5493, 5573, 5575, 5583, 5787, 5912, 6378, 6690, 7690, 7923, 7995, 7999, 8123, 8183, 8190, 8210, 8494, 8856, 9502, 9647, 9845, 9972, 10006, 10130, 10674, 10675, 10678, 10807, 10847, 11050, 11057, 11058, 11062, 11182, 11285, 11380, 11381, 11398, 11423, 11440, 11456, 11458, 11462, 11469, 11701, 11716, 11844, 11885, 11993, 12144, 12145, 12177, 12357, 12382, 12417, 12492, 12649, 12778, 12819, 12892, 13058, 13191, 13225]
[4936, 7751, 9366, 9499, 9569, 9591, 9621, 9634, 9674, 9806, 9919, 10045, 10112, 10243, 10634, 11085, 11365, 11376, 11377, 11827, 11831, 11857, 12065, 12076, 12288, 12291, 12467, 12699]
[2494, 4818, 4905, 5891, 6117, 6330, 6661, 8624, 8768, 9062, 9063, 11631]
[35, 219, 318, 335, 457, 717, 734, 802, 1011, 1055, 1195, 1204, 1226, 1330, 1410, 1741, 2086, 2306, 2877, 2940, 3042, 3072, 3430, 3568, 3645, 3672, 3908, 4016, 4604, 5588, 5592, 6044, 6112, 6184, 6232, 6495, 6526, 6598, 6628, 6655, 6685, 7150, 7407, 8097, 8267, 8274, 8388, 9400, 11767]
[6064, 6067, 6069, 6310, 6422, 6429, 6442, 6665, 6764, 7026, 7087, 7227, 7286, 7787, 7996, 8078, 8460, 8463, 8465, 8599, 8915, 8922, 8935, 9070, 9071, 9179]
[654, 748, 1244, 1608, 2524, 3053, 3532, 3690, 4223, 4458, 5185, 5297, 5784, 6670, 8309, 9925, 12682]
[165, 268, 641, 1261, 1737, 1901, 2268, 2323, 2455, 2719, 2926, 2978, 3052, 3059, 3121, 3134, 3337, 3481, 3520, 3521, 3573, 3581, 3974, 4198, 4273, 4734, 4741, 4770, 4812, 4849, 5088, 5098, 5649, 5706, 5918, 5937, 5984, 5991, 6002, 9304, 9339, 9363, 9525, 9532, 9586, 10182, 10190, 10198, 10285, 10689, 11067, 11147, 11153, 11157, 11205, 11211, 11410, 11412, 11868, 11876, 12055, 12106, 12108, 12129, 12733, 12738, 12761, 12798, 12975, 13116]
[144, 1090, 1139, 1552, 1694, 2283, 2289, 2336, 2379, 2448, 2632, 2644, 2923, 2983, 3178, 3480, 3485, 3989, 4033, 4123, 4152, 4428, 4835, 5251, 5260, 5426, 5506, 5547, 5992, 6306, 6907, 7483, 7718, 7723, 8594, 9235, 9479, 9725, 9877, 10016, 10046, 10734, 10960, 11292, 11418, 11914, 12530, 12721]
[6957, 6997, 7724, 8382, 9280]
[1547, 2244, 2309, 2315, 3486, 4292, 5830, 5854, 6207, 6216, 6309, 6338, 6393, 6635, 6671, 6803, 6921, 7008, 7106, 7222, 7569, 7571, 7602, 7695, 7708, 7825, 7896, 7928, 8051, 8278, 8282, 8510, 8518, 8597, 8633, 8872, 9031, 9213, 9244]
[7, 8, 193, 614, 829, 954, 1301, 1307, 1324, 1354, 1732, 1757, 1863, 1910, 2273, 2355, 2475, 2564, 2651, 2690, 2998, 3073, 3205, 3597, 3632, 3686, 3691, 3723, 3996, 4167, 4304, 4334, 4599, 4824, 4826, 4866, 4887, 4928, 5065, 5083, 5140, 5141, 5266, 5414, 5423, 5524, 5538, 5553, 5561, 5876, 5908, 5959, 5968, 6017, 6081, 6169, 6267, 6589, 6592, 6768, 6976, 7226, 7401, 7650, 7699, 7810, 8128, 8130, 8181, 8322, 8364, 8396, 8450, 8746, 8749, 9346, 9822, 9875, 9880, 9930, 9944, 10110, 10458, 10655, 11117, 11662, 11999, 12063, 12267, 12433, 12438, 12454, 12598, 12634, 12716, 12907, 13012]
[80, 82, 87, 96, 119, 126, 368, 790, 823, 836, 857, 940, 1112, 2016, 2019, 4485, 4499, 4554, 4701, 4708, 4777, 4836, 4862, 4901, 4910, 4924, 4925, 4950, 4951, 4994, 4995, 4996, 4998, 5004, 5014, 5016, 5021, 5057, 5075, 5076, 5101, 5126, 5173, 5209, 5231, 5284, 5302, 5315, 5372, 5439, 5466, 5497, 9447, 9526, 9717, 9813, 11514, 12136, 13018, 13158, 13189]
[6942, 7278, 7560, 7701, 8006, 8917, 9266, 11782]
[1838, 1971, 2082, 2130, 2734, 3390, 3502, 3514, 3705, 4496, 4560, 4635, 4636, 4694, 4838, 4909, 5357, 5473, 5522, 5530, 5944, 9612, 9865, 10122, 10391, 10490, 10511, 10637, 10732, 10772, 10836, 10856, 10881, 10886, 11011, 11122, 11626, 11872, 12361, 12430, 12707, 12748, 12803, 13062]
[1621, 4331, 5725, 6279, 6312, 6400, 6409, 7290, 7424, 7627, 7631, 7671, 7693, 8018, 8149, 8289, 8443, 8561, 8568, 8602, 8879, 8894]
[633, 767, 769, 797, 833, 867, 880, 928, 941, 1418, 1499, 1610, 1689, 1735, 1850, 2100, 2102, 2328, 2944, 3164, 3191, 4691, 4985, 6372, 6734, 6996, 7525, 7554, 7583, 7594, 7840, 8039, 8085, 8159, 8184, 8498, 8548, 8850, 9161]
[295, 1333, 2935, 3087, 3186, 5484, 6504, 6720, 6754, 9003, 9172, 9885, 11275, 12489]
[404, 411, 2569, 4236, 6106, 6210, 6498, 6878, 7025, 7250, 7289, 7944, 8304, 8496, 8512, 8998, 9231]
[64, 208, 307, 341, 455, 474, 548, 667, 950, 1345, 1948, 2097, 2489, 2585, 2589, 2600, 3536, 3666, 4147, 4269, 4372, 4436, 4559, 4615, 4624, 5282, 5363, 5660, 5802, 5803, 9411, 9483, 9498, 9520, 9548, 9618, 9644, 9707, 9832, 9863, 9899, 9920, 9933, 9939, 10119, 10252, 10308, 10317, 10326, 10338, 10341, 10396, 10502, 10585, 10642, 10649, 10865, 10953, 11102, 11214, 11318, 11334, 11342, 11396, 11397, 11551, 11562, 11628, 11630, 11642, 11686, 11804, 11869, 11915, 11936, 11978, 12013, 12016, 12062, 12095, 12111, 12116, 12158, 12170, 12197, 12239, 12294, 12343, 12408, 12473, 12475, 12486, 12566, 12594, 12595, 12667, 12718, 12726, 12779, 12821, 12860, 12877, 12905, 12988, 13014, 13034, 13050, 13073, 13135, 13227]
[62, 223, 427, 525, 596, 764, 775, 934, 1081, 1082, 1083, 1259, 1348, 1440, 1467, 1562, 1753, 1869, 1941, 2072, 2092, 2188, 2201, 2279, 2301, 2505, 2532, 2534, 2934, 3362, 3419, 3628, 3700, 3760, 3825, 3876, 3953, 3970, 4008, 4119, 4218, 4241, 4509, 4735, 4743, 5082, 5476, 5510, 5645, 5664, 5904, 6066, 6342, 6420, 6564, 6601, 6682, 6813, 6830, 6834, 7040, 7099, 7192, 7298, 7479, 7614, 7756, 7935, 7973, 8177, 8195, 8306, 8357, 8462, 8516, 8636, 8755, 8762, 8766, 8911, 9223, 9613, 9637, 9849, 10174, 10175, 10224, 10316, 10897, 10933, 11166, 11389, 11391, 11584, 11784, 12143, 12181, 12205, 12477, 12583, 12706, 12745, 12951, 12995]
[2160, 6319, 6344, 7528, 7666, 7938, 8031, 8612, 8638, 9857]
[393, 477, 514, 616, 700, 738, 840, 1009, 1280, 1564, 1769, 1999, 2001, 2170, 2469, 2474, 2592, 2679, 3093, 3415, 3657, 3707, 4055, 4186, 4301, 4992, 5626, 5828, 6123, 6282, 6283, 6390, 6723, 6792, 6954, 7119, 7174, 7225, 7229, 7412, 7459, 7513, 7522, 7565, 7589, 7608, 7765, 7830, 8028, 8030, 8055, 8096, 8324, 8422, 8571, 8572, 8657, 8731, 9045, 9100, 9129, 9130, 9151, 9175, 9203, 9259, 9277, 11426, 11907, 12824, 13154]
[252, 536, 538, 2971, 4015, 4305, 5631, 6602, 8748, 9607, 9859, 10146, 11098, 11476, 11852, 11911, 12544, 12601, 12641, 12848]
[1807, 4037, 4653, 4716, 6358, 6470, 6934, 6992, 7076, 7184, 7458, 7664, 7763, 8126, 8385, 9023, 9224, 11657, 12338]
[113, 116, 150, 168, 274, 284, 385, 581, 665, 800, 901, 1116, 1990, 2120, 2349, 2419, 2499, 4045, 4102, 4415, 4456, 4491, 4813, 4858, 4889, 4930, 4965, 4972, 4993, 5040, 5058, 5217, 5240, 5250, 5303, 5371, 5711, 5718, 5750, 5751, 5874, 6019, 9293, 9317, 9561, 9582, 9752, 10072, 10233, 10257, 10363, 10478, 10616, 10631, 10639, 10819, 10903, 11022, 11081, 11201, 11351, 11900, 13051, 13120, 13164]
[1819, 2241, 2406, 3010, 3743, 3942, 4043, 5376, 5978, 6031, 6714, 9133, 9134, 9480, 9522, 9523, 9628, 9670, 9841, 10059, 10077, 10378, 10574, 10915, 11000, 11077, 11181, 11295, 11336, 11436, 11694, 11994, 12174, 12249, 12253, 12261, 12271, 12336, 12705, 12781, 12910, 13112, 13167]
[6221, 8523, 8957, 8986]
[398, 620, 1085, 1103, 1356, 3125, 4057, 6120, 6126, 6137, 6145, 6153, 6163, 6181, 6521, 6523, 6525, 6528, 6533, 6534, 6536, 6537, 6538, 6540, 6541, 6542, 6543, 6544, 6545, 6546, 6547, 6548, 6551, 6553, 6558, 6560, 6561, 6562, 6563, 6565, 6566, 6567, 6568, 6572, 6573, 6575, 6576, 6577, 6578, 6579, 6581, 6584, 6585, 6587, 6590, 6593, 6599, 6603, 6604, 6606, 6607, 6608, 6610, 6613, 6614, 6615, 6616, 6617, 6618, 6621, 6623, 6630, 6634, 6758, 6765, 6766, 6814, 6815, 6816, 6817, 6818, 6822, 6824, 6827, 6829, 6832, 6833, 6840, 6841, 6843, 6845, 6848, 6850, 6851, 6852, 6853, 6854, 6855, 6856, 6857, 6858, 6860, 6861, 6862, 6865, 6866, 6867, 6869, 6871, 6873, 6875, 6876, 6883, 6887, 6889, 6890, 6893, 6894, 6896, 6897, 6900, 6904, 6914, 6915, 7128, 7129, 7130, 7134, 7137, 7138, 7140, 7141, 7143, 7144, 7145, 7146, 7147, 7148, 7149, 7152, 7153, 7154, 7155, 7156, 7158, 7159, 7162, 7164, 7165, 7167, 7168, 7169, 7171, 7172, 7175, 7176, 7182, 7186, 7187, 7191, 7198, 7202, 7331, 7336, 7340, 7343, 7348, 7351, 7352, 7361, 7368, 7370, 7371, 7372, 7378, 7379, 7380, 7387, 7388, 7390, 7392, 7400, 7465, 7469, 7471, 7473, 7475, 7476, 7480, 7482, 7485, 7486, 7488, 7490, 7492, 7493, 7495, 7497, 7499, 7500, 7501, 7503, 7507, 7659, 7835, 7837, 7838, 7839, 7841, 7842, 7843, 7844, 7847, 7848, 7850, 7851, 7855, 7857, 7858, 7859, 7860, 7861, 7862, 7864, 7865, 7867, 7868, 7869, 7870, 7871, 7873, 7874, 7875, 7879, 7881, 7883, 7884, 7887, 7888, 7889, 7890, 7891, 7892, 7893, 7894, 7895, 7897, 7898, 7901, 7906, 7910, 7912, 7914, 7916, 7967, 8196, 8198, 8228, 8258, 8271, 8607, 8608, 8610, 8650, 8654, 8655, 8656, 8658, 8659, 8662, 8664, 8666, 8667, 8669, 8671, 8672, 8673, 8674, 8679, 8680, 8682, 8683, 8684, 8685, 8686, 8687, 8693, 8694, 8696, 8697, 8698, 8699, 8700, 8701, 8702, 8703, 8704, 8705, 8706, 8707, 8708, 8709, 8714, 8715, 8716, 8718, 8725, 8734, 8736, 8737, 8739, 8741, 8745, 8747, 8752, 8757, 8758, 8759, 8760, 8764, 8770, 8772, 8774, 8775, 8776, 8777, 8778, 8780, 8781, 8782, 8784, 8785, 8787, 8788, 8789, 8790, 8794, 8797, 8798, 8799, 8800, 8801, 8805, 8806, 8807, 8808, 8811, 8812, 8813, 8814, 8816, 8817, 8818, 8820, 8825, 8827, 8837, 8881, 8901, 8955]
[6297, 6405, 6511, 6928, 7213, 7403, 7953, 8147, 8173, 8585, 8889, 9010, 9202, 9253]
[6246, 6401, 6403, 7003, 7556, 7660, 8544, 8880, 8884, 11673, 11770]
[273, 1087, 4608, 9391, 9524, 9641, 9655, 9772, 9940, 9989, 10044, 10254, 10258, 10267, 10268, 10440, 10470, 10471, 10472, 10599, 10705, 10746, 10747, 10768, 10914, 11605, 11882, 11905, 12026, 12162, 12215, 12387, 12581, 12614, 12902, 13102, 13133, 13202]
[264, 282, 330, 345, 582, 4230, 4303, 4349, 4462, 4580, 4695, 4893, 5242, 5355, 5448, 5550, 5746, 5923, 6037, 9482, 9605, 9606, 9809, 9937, 10082, 10600, 10759, 10823, 10833, 10941, 10948, 10962, 10997, 11005, 11029, 11092, 11101, 11904]
[246, 422, 600, 912, 1013, 1431, 1487, 1717, 1920, 2038, 2140, 2536, 2548, 2582, 2595, 3238, 3244, 3270, 3346, 3429, 3437, 3530, 3587, 3636, 3804, 3850, 3895, 3910, 4039, 4109, 4970, 5024, 5391, 5480, 5559, 5674, 6322, 6428, 6435, 6484, 6492, 6596, 6611, 6644, 6874, 6879, 7073, 7078, 7183, 7193, 7313, 7345, 7537, 7543, 7558, 7566, 7682, 7727, 7750, 7925, 8056, 8284, 8341, 8355, 8616, 8670, 8675, 8676, 8681, 8692, 8712, 8750, 8771, 8921, 8929, 8984, 8992, 9000, 9037, 9103, 9104, 9193, 9198, 10185, 11841, 12213, 12329, 12793, 13037, 13183]
[656, 1067, 1069, 1071, 1779, 2231, 2247, 2299, 2318, 2342, 2362, 2452, 2526, 3334, 3349, 3373, 3493, 3569, 3593, 3653, 3673, 3746, 3784, 3786, 3815, 3827, 3849, 3851, 3884, 3926, 3944, 3950, 4026, 4816, 6043, 6468, 7224, 7621, 7993, 8109, 8299, 8967, 9568, 12851]
[127, 674, 760, 761, 917, 1096, 1143, 1153, 1509, 1565, 1953, 2180, 2197, 2672, 2783, 2846, 3064, 3674, 3977, 4588, 4607, 5586, 5791, 5929, 6063, 6086, 6206, 6223, 6286, 6436, 6482, 6556, 6761, 6905, 6913, 6932, 7029, 7039, 7090, 7093, 7097, 7178, 7282, 7536, 7568, 7577, 7633, 7990, 7998, 8117, 8168, 8171, 8337, 8354, 8420, 8459, 8482, 8509, 8525, 8575, 8930, 8982, 9044, 9049, 9176, 9200, 9234, 9239, 9257, 11328, 11959]
[2, 13, 36, 326, 418, 1300, 1588, 1709, 1743, 2192, 2616, 2766, 3241, 3374, 3393, 3915, 4497, 4558, 4634, 4670, 4768, 4793, 4815, 4822, 5374, 5399, 5432, 5566, 5596, 5668, 5924, 5954, 6062, 6248, 6410, 6524, 6552, 6713, 6728, 6729, 6823, 6825, 6837, 6877, 6880, 6882, 6962, 7281, 7295, 7419, 7430, 7545, 7746, 7778, 7812, 7940, 7959, 7969, 7992, 8042, 8416, 8425, 8546, 8647, 8738, 8742, 8744, 8754, 8756, 8792, 8895, 9131, 9132, 9155, 9156, 9189, 9286, 9473, 9575, 9903, 10172, 11723, 12491, 12511]
[183, 211, 511, 2678, 3447, 3461, 3905, 3967, 4194, 4263, 4268, 4379, 4576, 4746, 5001, 5031, 5033, 5041, 5111, 5849, 9427, 9696, 9840, 10187, 10661, 11581, 11789, 11975, 12334, 12393, 12712, 12923]
[753, 837, 958, 1130, 1154, 1220, 1276, 1605, 2003, 2156, 2562, 2627, 2652, 2660, 2777, 2791, 2879, 2891, 2908, 2946, 3372, 3399, 3418, 3501, 3610, 4074, 4150, 4400, 4572, 4573, 4799, 6295, 6352, 6946, 7510, 8363, 8583, 8645, 9270, 10755, 10917]
[649, 1284, 1556, 1899, 1906, 1911, 1933, 2271, 2611, 2618, 2631, 2643, 2864, 3082, 3110, 3265, 3483, 3685, 3698, 3702, 3709, 3764, 3820, 3865, 4093, 4099, 4127, 4361, 4432, 4571, 4600, 5047, 5078, 5229, 5415, 5419, 5461, 5483, 5492, 5537, 5574, 5644, 5694, 5792, 5866, 5906, 6005, 6030, 6750, 6805, 6930, 7436, 7665, 7726, 7822, 7984, 8384, 8900, 9301, 9559, 10597, 11019, 11021, 11305, 11429, 11432, 11453, 11777, 11785, 11906, 11987, 12153, 12247, 12309, 12388, 12451, 12538, 12542, 12587, 12589, 12631, 12668, 12737, 12969, 12987, 13031, 13194, 13222]
[726, 900, 2163, 4375, 4566, 4651, 4792, 5127, 5257, 5825, 7111, 8847, 9635, 9876, 10092, 10178, 11065, 11497, 11779, 12927]
[156, 159, 446, 550, 591, 796, 1285, 1478, 1500, 1589, 1611, 1954, 1958, 1997, 2344, 2441, 2579, 2727, 2795, 3004, 3038, 3092, 3177, 3598, 3664, 3781, 3782, 3875, 3890, 3982, 4174, 4209, 4354, 4410, 4429, 4466, 4514, 4552, 4865, 4880, 4964, 5682, 5704, 5998, 6098, 6375, 6421, 6699, 6763, 6812, 7013, 7032, 7804, 7820, 7960, 8043, 8080, 8326, 8344, 8853, 8914, 9178, 9222, 9333, 9587, 9823, 10390, 10988, 11130, 11151, 11495, 11567, 11753, 11816, 11817, 11825, 12088, 12159, 12990, 13008, 13110, 13123]
[336, 415, 1278, 1615, 1822, 2975, 3291, 3525, 4063, 4129, 4345, 4498, 4907, 5212, 5459, 5719, 5767, 5996, 6018, 6329, 6694, 6796, 7136, 7185, 9206, 9517, 9518, 9679, 10019, 10201, 11455, 11881, 12725, 12732, 13181, 13209]
[39, 129, 146, 161, 352, 1072, 1247, 1315, 1447, 1498, 1507, 1535, 1602, 1607, 1627, 1930, 2048, 3099, 3109, 3180, 3307, 3315, 3322, 3331, 3332, 3345, 3353, 3354, 3356, 3357, 3358, 3368, 3380, 3395, 3425, 3515, 3626, 3654, 3808, 4003, 4569, 4620, 4647, 4712, 5029, 5182, 5207, 5224, 5232, 5278, 5287, 5367, 5437, 5482, 5648, 5806, 5857, 5913, 6039, 6092, 6415, 6434, 6516, 6519, 7662, 8131, 8394, 8845, 8883, 8890, 8896, 8965, 9016, 9216, 9409, 9412, 9491, 9528, 9676, 9680, 9848, 9924, 10164, 10216, 10221, 10287, 10665, 10666, 11835, 12029, 12373, 12789, 12871, 13132, 13192, 13193]
[6350, 6749, 7216, 7591, 7596, 7683, 7745, 7761, 8296, 8319, 8446, 8643, 9170]
[911, 916, 1056, 1310, 1756, 1800, 2290, 2560, 3045, 3080, 3586, 3592, 3594, 3600, 3775, 4141, 4282, 4286, 4564, 4613, 4639, 4718, 4879, 5252, 5905, 5994, 6281, 6313, 6398, 6447, 6472, 6641, 6678, 6702, 6759, 6901, 7004, 7068, 7257, 7320, 7330, 7332, 7333, 7334, 7339, 7342, 7344, 7346, 7347, 7353, 7354, 7355, 7356, 7357, 7367, 7374, 7391, 7398, 7451, 8404, 8570, 8603, 8904, 9012, 9029, 9651, 9666, 9778, 9881, 9943, 10842, 11083, 11118, 11121, 11179, 11291, 11368, 11438, 11443, 11594, 11666, 12259, 12420, 12437, 12549, 12662, 12672, 12866, 13096]
[9310, 9319, 9325, 9332, 9354, 9356, 9361, 9369, 9419, 9443, 9452, 9453, 9458, 9462, 9470, 9489, 9496, 9515, 9516, 9527, 9533, 9536, 9542, 9565, 9584, 9592, 9599, 9638, 9654, 9665, 9671, 9684, 9686, 9701, 9709, 9713, 9744, 9759, 9764, 9765, 9808, 9825, 9860, 9893, 9915, 9916, 9927, 9949, 9954, 9971, 9976, 9977, 9994, 10029, 10052, 10060, 10066, 10109, 10115, 10116, 10176, 10184, 10211, 10212, 10222, 10266, 10291, 10293, 10311, 10333, 10349, 10357, 10372, 10403, 10452, 10463, 10475, 10477, 10495, 10497, 10503, 10514, 10525, 10540, 10567, 10592, 10596, 10605, 10635, 10663, 10668, 10677, 10680, 10707, 10741, 10744, 10754, 10812, 10832, 10837, 10848, 10864, 10872, 10905, 10961, 11051, 11076, 11094, 11097, 11123, 11136, 11138, 11186, 11216, 11217, 11245, 11255, 11264, 11266, 11269, 11273, 11321, 11323, 11347, 11349, 11382, 11413, 11451, 11452, 11460, 11477, 11565, 11711, 11759, 11830, 11838, 11875, 11903, 11952, 11954, 11957, 11980, 12001, 12010, 12073, 12100, 12128, 12173, 12175, 12186, 12209, 12210, 12226, 12228, 12235, 12244, 12279, 12304, 12316, 12317, 12321, 12435, 12502, 12509, 12512, 12521, 12523, 12543, 12552, 12565, 12575, 12576, 12615, 12627, 12638, 12669, 12683, 12696, 12750, 12759, 12795, 12804, 12817, 12852, 12855, 12856, 12870, 12872, 12881, 12890, 12909, 12924, 12925, 12926, 12938, 12964, 12986, 13020, 13027, 13114, 13129, 13205]
[190, 194, 752, 794, 1760, 2155, 2187, 2961, 3018, 3095, 5099, 5496, 7057, 7133, 7219, 7223, 7270, 7322, 7402, 8230, 8791, 9461, 9955, 10522, 11061, 11306, 11420, 11843, 11970, 12531]
[71, 86, 88, 222, 362, 419, 629, 731, 786, 788, 822, 824, 1025, 1077, 1127, 1205, 1378, 1466, 1505, 1529, 1534, 1541, 1551, 1622, 1692, 1740, 1778, 1802, 1805, 1893, 1951, 2030, 2066, 2110, 2121, 2178, 2181, 2226, 2235, 2250, 2266, 2300, 2322, 2353, 2418, 2433, 2438, 2457, 2458, 2511, 2519, 2533, 2557, 2633, 2668, 2700, 2716, 2731, 2747, 2806, 2868, 2871, 2902, 2911, 3031, 3107, 3136, 3209, 3246, 3377, 3407, 3531, 3659, 3730, 3785, 3852, 3892, 3918, 4004, 4017, 4117, 4199, 4252, 4278, 4371, 4403, 4640, 4772, 4774, 4828, 4853, 4912, 4960, 4984, 5011, 5080, 5147, 5168, 5227, 5228, 5235, 5283, 5319, 5329, 5382, 5388, 5389, 5422, 5429, 5465, 5467, 5490, 5551, 5608, 5635, 5851, 5897, 5986, 6026, 6038, 6101, 6253, 6343, 6394, 6662, 6936, 6951, 6958, 6981, 7045, 7053, 7235, 7311, 7418, 7539, 7702, 8079, 8280, 8303, 8637, 8668, 8897, 8966, 8997, 9064, 9065, 9116, 9220, 9281, 9312, 9441, 9507, 9678, 9691, 9959, 10011, 10337, 10559, 10773, 10890, 11143, 11541, 11583, 11619, 11693, 11778, 11862, 11918, 11945, 11961, 11977, 12114, 12537, 12550, 12710, 12886, 12888, 13103, 13145, 13159]
[6254, 7116, 7240, 7275, 7324, 7729, 8285, 8549, 9028, 9107, 9108, 12184, 12384]
[435, 542, 1848, 2882, 3370, 3716, 4391, 4418, 4621, 4796, 4856, 4898, 4920, 4949, 4981, 4988, 5117, 5124, 5184, 5485, 5696, 5720, 5811, 5820, 5826, 5829, 5860, 5888, 5946, 5997, 9397, 9398, 9616, 9723, 9731, 9755, 9948, 10030, 10101, 10235, 10236, 10324, 10404, 10482, 10536, 10538, 10554, 10555, 10578, 10590, 10753, 10776, 10779, 10844, 10899, 10990, 11090, 11623, 11762, 12564, 12700, 13109, 13166]
[135, 136, 942, 1746, 3489, 6555, 6673, 6715, 8064, 8426, 9040, 9087, 9088, 9322, 13143]
[1193, 6077, 7786, 7937, 8075, 8473, 8490]
[521, 677, 891, 926, 1147, 1625, 1799, 1837, 1896, 1924, 2062, 2172, 2312, 3103, 3229, 3233, 3400, 3402, 3539, 3630, 4327, 4328, 4713, 5181, 5412, 5517, 5580, 5741, 5743, 6243, 6252, 6385, 7415, 7623, 8327, 8542, 8864, 9449, 9541, 9604, 9751, 10294, 10297, 10539, 11357, 11414, 11568, 11726, 11820, 11821, 12339, 12346, 12487, 13204]
[69, 593, 1323, 2570, 2717, 2758, 3440, 3599, 3604, 4440, 5763, 9504, 10087, 10232, 10693, 11040, 11066, 11313, 11317, 11466, 11470, 11482, 11912, 12283, 12830, 13146]
[77, 163, 249, 269, 319, 449, 459, 481, 506, 729, 856, 931, 1150, 1269, 1360, 1367, 1387, 1643, 1687, 1755, 1845, 1881, 1917, 1976, 1977, 2142, 2237, 2296, 2310, 2351, 2381, 2453, 2525, 2541, 2551, 2594, 2870, 2890, 3583, 4180, 4275, 4724, 4740, 5427, 6060, 6194, 6339, 6550, 6557, 6600, 6722, 6911, 6974, 7018, 7062, 7080, 7157, 7326, 7338, 7439, 7489, 7576, 7598, 7609, 7704, 7821, 7834, 7854, 7921, 7991, 8118, 8119, 8134, 8141, 8328, 8347, 8424, 8634, 8678, 8765, 8779, 8804, 9004, 9149, 9150, 9237, 9495, 9889, 10345, 10738, 11078, 11698, 11855, 13003, 13004, 13206]
[433, 434, 736, 1078, 1219, 4178, 4377, 6007, 6443, 7425, 7680, 7836, 8068, 8114, 8491, 8936]
[366, 718, 730, 774, 845, 887, 1053, 1058, 1537, 1544, 1659, 1766, 2233, 2613, 2887, 2962, 3035, 3037, 3622, 3623, 3715, 3739, 3765, 3866, 4000, 4054, 4255, 4312, 4346, 4521, 4943, 5248, 5270, 5564, 5612, 5655, 5697, 5698, 5974, 6777, 6898, 6924, 6938, 7651, 7827, 8122, 8369, 8452, 9232, 9248, 9263, 9645, 9874, 10173, 10398, 10474, 10752, 10784, 10835, 11909, 11932, 12046, 12103, 12200, 12805, 13152]
[3533, 4272, 4549, 4844, 4953, 5513, 5898, 6012, 6491, 6506, 6658, 6927, 6975, 7009, 7027, 7337, 7349, 7350, 7360, 7363, 7364, 7365, 7373, 7375, 7376, 7377, 7382, 7386, 7588, 7769, 7788, 8137, 8186, 8352, 8393, 8440, 9245, 9251, 10619, 10620]
[209, 606, 819, 1252, 1721, 1767, 1887, 2152, 3242, 3421, 3522, 3535, 3841, 10368, 12625, 13068]
[489, 3124, 6849, 6881, 6885, 6899, 7160, 7181, 7196, 7383, 7394, 7831, 7902, 7918, 8405, 8651, 8652, 8653, 8717, 8726, 8821]
[6182, 6624, 6886, 7199, 7389, 7505, 7904, 8261, 8724, 8819]
[34, 2090, 2327, 2781, 2830, 2896, 4079, 4153, 4329, 4850, 5269, 5331, 5336, 5353, 5361, 5450, 5556, 5637, 5661, 5662, 5663, 5728, 5760, 5761, 5807, 5887, 5907, 5917, 5941, 6006, 10315, 10322, 10325, 10331, 11378, 12290, 12374, 12974]
[137, 160, 248, 250, 349, 609, 642, 648, 849, 1198, 1922, 1928, 2202, 2429, 2531, 2625, 2694, 4143, 4220, 4442, 4457, 4630, 4644, 4890, 5062, 5064, 5162, 5206, 5222, 5261, 5326, 5397, 5494, 5604, 5605, 5879, 5889, 5963, 5977, 5985, 7714, 9757, 10028, 10104, 10192, 11202, 11362, 11539, 13144]
[6931, 7518, 7740, 8098, 9256]
[1775, 4115, 4248, 4535, 4794, 5281, 5657, 5692, 6512, 8959, 9341, 9460, 9588, 9816, 10020, 10248, 10260, 10342, 10383, 10632, 10859, 10913, 11524, 11758, 11867, 12363, 12364, 12535, 12751, 12774, 12978, 13128]
[6502, 6667, 7642, 8176, 9002, 9073, 9074]
[306, 443, 547, 551, 746, 869, 1073, 1423, 1751, 1984, 2023, 2398, 2623, 2741, 2928, 3263, 3512, 3565, 4254, 4732, 6125, 6884, 7131, 7139, 7205, 7207, 7267, 7279, 7335, 7466, 7498, 7582, 7687, 7771, 7846, 8199, 8200, 8663, 8721, 8723, 8968, 10063, 11033, 11263, 12921]
[106, 597, 661, 1049, 1111, 1200, 1420, 1840, 2751, 3223, 3735, 3928, 4997, 5084, 5489, 5847, 5884, 5987, 6084, 6461, 6819, 6941, 7037, 7304, 7443, 7470, 8220, 8308, 8956, 11669, 11757]
[1397, 3676, 6183, 6185, 6187, 6612, 6625, 6626, 6629, 6828, 6846, 6888, 6892, 6895, 7200, 7201, 7203, 7204, 7206, 7384, 7385, 7393, 7397, 7504, 7506, 7509, 7903, 7905, 7907, 7909, 8259, 8260, 8265, 8695, 8719, 8722, 8728, 8730, 8822, 8823, 8824, 9320, 10155]
[420, 848, 2126, 2193, 3470, 4698, 4837, 5112, 5187, 5690, 5715, 9326, 9390, 9407, 9554, 9735, 9836, 10735, 10782, 11525, 11730, 12273, 12296, 12635, 12931, 13088, 13223]
[68, 278, 289, 485, 805, 1093, 1109, 1129, 1210, 1228, 1488, 1781, 2006, 2173, 2254, 2298, 2317, 2348, 2377, 2476, 2943, 3329, 3431, 3708, 4069, 4130, 4135, 4161, 4214, 4531, 4738, 4803, 4885, 4914, 4975, 5133, 5159, 5188, 5204, 5396, 5731, 6008, 6009, 6070, 6076, 6219, 6262, 6263, 6456, 6488, 6529, 6532, 6712, 6787, 6847, 6989, 7019, 7034, 7079, 7329, 7586, 7600, 7955, 8005, 8165, 8178, 8320, 8358, 8423, 8466, 8472, 8497, 8521, 8553, 8554, 8810, 8988, 9058, 9059, 9197, 10141, 11360, 12289, 12592, 13019]
[6418, 6449, 7428, 8453, 8566, 8909, 8941]
[31, 42, 239, 473, 821, 1201, 1818, 1820, 2133, 2373, 5345, 5520, 6315, 6337, 6391, 6425, 6454, 6569, 6735, 6945, 6966, 7047, 7284, 7405, 7697, 7705, 7706, 7802, 7811, 7826, 7932, 8076, 8087, 8120, 8288, 8401, 8547, 8605, 8632, 8803, 8815, 8870, 8918, 8950, 9077, 9078, 9118, 9162, 9269, 9292, 10433]
[54, 123, 131, 530, 1160, 1580, 1584, 1624, 1723, 1729, 2218, 2220, 2798, 2838, 2856, 3187, 3221, 3228, 3585, 3656, 5175, 5458, 5676, 6786, 7069, 7877, 8793, 8795, 9196, 9519, 11242, 11550, 11902, 12665]
[1904, 3543, 4431, 4450, 6218, 6697, 6762, 7739, 7941, 8035, 8295, 8520, 9101, 9102, 9177]
[3537, 5097, 5180, 5323, 5370, 6287, 6376, 6721, 7800, 8576, 8854, 9147, 9148, 9814, 10123, 11238, 11682]
[1889, 2360, 3448, 3927, 4032, 5404, 5723, 6301, 6341, 6473, 6549, 6785, 6948, 7291, 7634, 7647, 7710, 7946, 8045, 8353, 8418, 8430, 8433, 8589, 8635, 8711, 8763, 8892, 8972, 9024, 9195, 9261, 9272, 9964, 10374, 10434]
[5543, 6212, 6274, 7934, 8151, 8514, 8563]
[56, 475, 497, 1273, 1679, 1947, 2272, 2288, 2823, 3422, 3439, 3773, 4532, 4665, 4908, 4932, 5038, 5386, 5411, 5421, 5805, 5870, 5910, 6353, 7123, 8834, 9340, 9351, 9367, 9384, 9401, 9416, 9420, 9422, 9425, 9434, 9435, 9472, 9475, 9553, 9567, 9572, 9579, 9580, 9581, 9596, 9622, 9677, 9689, 9706, 9846, 9900, 10068, 10102, 10217, 10277, 10408, 10429, 10469, 10533, 10541, 10549, 10621, 10622, 10638, 10643, 10646, 10647, 10648, 10683, 10687, 10828, 10829, 10831, 10956, 11024, 11193, 11206, 11338, 11340, 11354, 11400, 11648, 11684, 11689, 11836, 11891, 11928, 11969, 11971, 12061, 12083, 12112, 12125, 12147, 12199, 12344, 12411, 12434, 12436, 12462, 12499, 12500, 12563, 12640, 12661, 12992, 13040, 13087, 13094]
[414, 4076, 4122, 5171, 9609, 9869, 10581, 10918, 11707, 11947, 12692, 12772, 12893, 12917]
[9018, 9608, 10698, 10940, 11004, 12148, 12572]
[361, 793, 1983, 2057, 2154, 2161, 2228, 2253, 2387, 3351, 3471, 4545, 5096, 5541, 5834, 6108, 7327, 7444, 9521, 9543, 9562, 9563, 9564, 9663, 9779, 9842, 10202, 10251, 10305, 10351, 10453, 10517, 10602, 10726, 10824, 10825, 10826, 11028, 11370, 11498, 11515, 11516, 11674, 11717, 11747, 11887, 12138, 12172, 12248, 12292, 12522, 12608, 12637, 12647, 12657, 12673, 12702, 12906, 12954, 13221]
[587, 744, 1209, 1421, 2966, 4021, 4944, 6027, 6465, 6797, 7452, 7720, 7730, 8298, 8411, 8665, 8961, 9207]
[10, 166, 321, 456, 532, 557, 618, 621, 638, 742, 860, 1165, 1569, 1626, 2046, 2681, 2713, 2721, 3048, 3772, 3796, 3822, 3863, 4224, 4598, 4736, 4808, 4827, 5056, 5125, 5136, 5157, 5161, 5186, 5246, 5420, 5430, 5926, 5948, 5988, 7253, 7819, 8193, 9883]
[1794, 2576, 3366, 4439, 4757, 5351, 6036, 6055, 9364, 10633, 10644, 12849, 12908, 13099, 13118]
[588, 870, 925, 939, 1222, 1257, 1539, 2229, 2422, 2654, 2675, 2742, 3182, 3733, 3747, 4311, 4461, 4519, 5115, 5454, 5617, 5909, 5970, 6430, 6431, 6982, 7046, 8923, 8924, 9672, 9738, 9741, 9812, 10601, 11155, 11788, 11798, 12233, 13119]
[920, 1229, 1572, 1606, 1609, 1632, 1798, 1823, 2311, 2405, 2567, 2601, 2606, 2622, 2699, 2990, 3039, 3387, 3540, 3901, 3997, 4288, 4332, 4518, 4725, 4810, 4933, 5008, 5043, 5106, 5108, 5172, 5200, 5210, 5563, 5569, 5587, 5735, 5790, 5877, 5919, 6021, 6633, 6706, 6751, 6769, 7487, 8960, 9324, 9379, 9430, 9497, 9657, 9742, 9793, 9810, 9931, 10000, 10085, 10100, 10167, 10386, 10422, 10424, 10795, 10818, 10822, 11268, 11393, 11403, 11732, 11769, 11772, 11973, 12057, 12066, 12308, 12314, 12383, 12514, 12524, 12577, 12597, 12624, 12632, 12648, 12714, 13011, 13095, 13190]
[1211, 1304, 1702, 1749, 1750, 1765, 1782, 1783, 2408, 3378, 3606, 3640, 3711, 3717, 3721, 3748, 3752, 3758, 3771, 3774, 3777, 3779, 3788, 3789, 3790, 3797, 3798, 3802, 3829, 3834, 4227, 4717, 4847, 5469, 5508, 5709, 5754, 6440, 7260, 8933, 9344, 9347, 9442, 9481, 11991, 12603, 12674]
[531, 1192, 4623, 5495, 6583, 7122, 9873, 9878, 9967, 10196, 10207, 10494, 10515, 12011, 12176, 12398, 12800, 12854, 13148, 13155, 13179]
[8197, 8201, 8202, 8203, 8204, 8205, 8206, 8207, 8208, 8209, 8211, 8212, 8213, 8214, 8215, 8216, 8218, 8219, 8221, 8222, 8223, 8224, 8225, 8226, 8227, 8229, 8231, 8232, 8233, 8234, 8235, 8236, 8237, 8238, 8239, 8240, 8241, 8242, 8243, 8244, 8245, 8247, 8248, 8250, 8251, 8252, 8253, 8254, 8255, 8256, 8257, 8262, 8263, 8264, 8266, 8270, 8281, 8312, 8317]
[17, 30, 43, 46, 47, 51, 55, 78, 105, 107, 108, 110, 114, 130, 145, 147, 171, 173, 174, 213, 229, 254, 346, 347, 348, 354, 367, 371, 375, 378, 445, 454, 534, 543, 555, 556, 634, 635, 637, 651, 671, 697, 841, 905, 1046, 1060, 1237, 1240, 1263, 1265, 1559, 1598, 1634, 1635, 1641, 1673, 1684, 1708, 1739, 1960, 1962, 1963, 2032, 2033, 2050, 2051, 2054, 2055, 2067, 2141, 2151, 2359, 2366, 2390, 2394, 2396, 2404, 2563, 2598, 3023, 3234, 3255, 3271, 3284, 3336, 3491, 3499]
[19, 38, 67, 370, 668, 670, 806, 1084, 1086, 1104, 1254, 1434, 1480, 1511, 1590, 1900, 3247, 3248, 3904, 4002, 4449, 4781, 5341, 5527, 6091, 6222, 6224, 6349, 6380, 6411, 6414, 6463, 6479, 6574, 6594, 6609, 6710, 6782, 7180, 7244, 7431, 7512, 7688, 7735, 7777, 7849, 7880, 7924, 7962, 8138, 8146, 8300, 8336, 8454, 8458, 8524, 8526, 8796, 8809, 8858, 8899, 8903, 8958, 8979, 9192, 9241, 9274, 9386, 10877, 11322]
[52, 75, 141, 392, 400, 460, 528, 607, 630, 660, 702, 756, 846, 895, 1031, 1079, 1134, 1212, 1215, 1317, 1419, 1460, 1468, 1471, 1492, 1563, 1671, 1816, 1905, 1970, 1981, 1982, 2088, 2150, 2334, 2345, 2354, 2361, 2432, 2445, 2522, 2571, 2659, 2760, 2774, 2886, 3058, 3076, 3250, 3266, 3289, 3348, 3405, 3624, 3678, 3823, 3937, 4005, 4215, 4402, 4435, 4567, 4628, 4649, 4675, 4902, 4952, 4973, 5030, 5197, 5335, 5618, 6213, 6653, 6774, 6780, 6955, 7058, 7190, 7409, 7629, 7782, 7795, 7936, 8019, 8100, 8103, 8350, 8515, 8838, 9053, 9184, 9190, 9250, 9278, 10476, 10623, 12033, 12680]
[1599, 3002, 4364, 5327, 5468, 5594, 8346, 10127, 10147, 10295, 10299, 10348, 10465, 10957, 11222, 11795, 11865, 12091, 12194, 12206, 12224, 12270, 12349, 12377, 12505]
[184, 192, 210, 224, 240, 342, 369, 424, 515, 549, 576, 583, 646, 659, 682, 711, 751, 758, 787, 817, 862, 894, 1018, 1019, 1122, 1217, 1249, 1305, 1327, 1346, 1428, 1430, 1486, 1620, 1744, 1758, 1786, 1846, 1886, 1907, 1978, 2018, 2031, 2164, 2182, 2412, 2420, 2468, 2688, 2743, 4029, 7882, 9413, 9414, 10487, 11866, 12006, 12094, 12126, 12663]
[611, 615, 919, 1022, 1063, 1064, 1095, 1124, 1172, 1203, 1231, 1326, 1400, 1827, 1897, 1972, 2017, 2047, 3067, 3152, 3167, 3236, 3258, 3293, 3403, 3454, 3526, 3552, 3562, 3662, 3697, 3703, 3939, 4022, 4107, 4338, 4341, 4342, 4446, 4524, 4720, 5130, 5286, 5598, 5864, 5949, 6010, 6215, 6264, 6284, 6379, 6450, 6452, 6570, 6640, 6775, 6838, 6868, 6952, 6956, 7024, 7028, 7051, 7315, 7520, 7637, 7645, 7744, 7963, 8022, 8046, 8175, 8517, 8555, 8573, 8642, 8857, 8942, 8945, 9032, 9035, 9185, 9205, 9275, 9279, 9365, 9382, 11134, 11577, 11889, 12370, 12515, 12517, 12623, 13022, 13131]
[9302, 9311, 9313, 9505, 9506, 9590, 9803, 9815, 9910, 10022, 10307, 10332, 10505, 10690, 10700, 10719, 10733, 10978, 10983, 11054, 11152, 11240, 11265, 11300, 11330, 11333, 11428, 11531, 11580, 11582, 11606, 11637, 11814, 11818, 11981, 11982, 12000, 12556, 12560, 12643, 12690, 12713, 12812, 12876, 12889, 12895, 12945, 13057, 13157, 13203, 13220]
[426, 429, 3719, 3897, 4760, 4775, 4941, 5218, 5241, 5726, 5961, 6097, 6811, 7007, 8885, 9589, 11160, 11207, 11401]
[60, 94, 388, 512, 518, 835, 1047, 1125, 1142, 1238, 1256, 1262, 1443, 1453, 1457, 1518, 1629, 1785, 1796, 1871, 1877, 2157, 2383, 2385, 2485, 2816, 2817, 2818, 2819, 2820, 2821, 2822, 3100, 3104, 3145, 3326, 3639, 3959, 4070, 4071, 4082, 4170, 4277, 4481, 4502, 4516, 4606, 4642, 4707, 4767, 4846, 5009, 5015, 5051, 5053, 5087, 5156, 5268, 5285, 5307, 5380, 5416, 5511, 5589, 5591, 5616, 5823, 5899, 5916, 5969, 6034, 6057, 6514, 6539, 6859, 6994, 7179, 7272, 7564, 7619, 7803, 7961, 8025, 8074, 8152, 8217, 8409, 9557, 10169, 10276, 10395, 10447, 10854, 11047, 11188, 11520, 11610, 12276, 12826]
[25, 218, 468, 573, 645, 1585, 2089, 2718, 3588, 3999, 4555, 4978, 5774, 6471, 6704, 6733, 6960, 6995, 7086, 7638, 8291, 8971, 9112, 9113, 9160, 9284, 10080]
[1705, 3420, 4171, 4579, 4632, 5003, 5438, 6307, 7559, 8185, 8595, 11219, 11695, 12838, 13041, 13115, 13188]
[117, 134, 195, 325, 471, 496, 572, 625, 812, 989, 1041, 1088, 1094, 1194, 1395, 1402, 1436, 1451, 1858, 1995, 2078, 2368, 2371, 2436, 2545, 3141, 3165, 3264, 3299, 3303, 3438, 3549, 3720, 5821, 6032, 6363, 6597, 6755, 6835, 6842, 6844, 6929, 6940, 7151, 7170, 7561, 7698, 7845, 7948, 8007, 8023, 8162, 8362, 8427, 8435, 8449, 8713, 8743, 8828, 8905, 9006, 9027, 9173, 9254, 9265, 9982, 10162, 10788, 11296, 12697]
[353, 1131, 1334, 1722, 1725, 1903, 1923, 2286, 2543, 2547, 2590, 2603, 2605, 2698, 2828, 3188, 3457, 3877, 4154, 4667, 4722, 4755, 4918, 5006, 6427, 6795, 8920, 9611, 10265, 10392, 10587, 11113, 11271, 11352, 11765, 11888, 11894, 12040, 12507, 12610, 12685]
[4151, 4839, 7120, 7460, 7515, 7747, 8158, 8339]
[41, 276, 503, 795, 1227, 1380, 1613, 1814, 2002, 2049, 2313, 3275, 3971, 5121, 5722, 6110, 6193, 6321, 6586, 6688, 6870, 7461, 7463, 7833, 7856, 7919, 7920, 8013, 8611, 8615, 8727, 8829]
[14, 151, 185, 312, 387, 399, 441, 513, 541, 724, 749, 878, 949, 1120, 1214, 1223, 1232, 1329, 1375, 1481, 1540, 1557, 1566, 1656, 1734, 1761, 2472, 2509, 2608, 2612, 2621, 2656, 2799, 2804, 2808, 3017, 3193, 3283, 3762, 3780, 3805, 3867, 3902, 4114, 4225, 4276, 4306, 4326, 4492, 4906, 4939, 5129, 5333, 5381, 5435, 5615, 5699, 5798, 5925, 6089, 6432, 6700, 6977, 6978, 7089, 7095, 7259, 7628, 7663, 7785, 7994, 8081, 8315, 8360, 8485, 8588, 8925, 8990, 9308, 9348, 9418, 9433, 9681, 9780, 9807, 9947, 9952, 10010, 10153, 10250, 10253, 10373, 10416, 10420, 10713, 10761, 10803, 10951, 11184, 11223, 11343, 11496, 11603, 11613, 11886, 12123, 12171, 12331, 12580, 12753, 13021]
[187, 383, 603, 750, 816, 918, 1123, 1136, 1167, 1206, 1343, 1830, 1831, 1884, 2399, 2403, 2738, 2793, 2894, 3016, 3314, 3428, 3452, 3497, 3663, 3846, 4279, 4609, 4971, 5219, 5602, 5689, 5769, 5841, 5843, 5892, 5962, 6258, 6298, 6518, 7060, 7972, 8387, 8586, 8912, 9225, 9486, 9600, 9935, 9951, 9966, 10054, 10136, 10262, 10449, 11120, 11445, 11487, 11854, 12080, 12808, 12919, 12920, 13080, 13198]
[1146, 1943, 3312, 5503, 5678, 5782, 6276, 6709, 7021, 7075, 7094, 7103, 7113, 7166, 7236, 7293, 7423, 7580, 7646, 7797, 7808, 8000, 8012, 8038, 8124, 8189, 8297, 8345, 8378, 8565, 8991, 9123, 9124]
[66, 79, 182, 251, 357, 685, 762, 827, 858, 889, 898, 1080, 1092, 1100, 1107, 1152, 1185, 1199, 1221, 1253, 1286, 1309, 1337, 1363, 1442, 1450, 1513, 1576, 1587, 1600, 1603, 1812, 1857, 1870, 1890, 1891, 1932, 1949, 1956, 1957, 1980, 1986, 2004, 2008, 2138, 2145, 2227, 2464, 2486, 2685, 2813, 2848, 2866, 2972, 2993, 3081, 3151, 3453, 3563, 3651, 3689, 3726, 3843, 3860, 3882, 3922, 3930, 4042, 4053, 4108, 4190, 4351, 4355, 4376, 4382, 4655, 4860, 4974, 4976, 4979, 5081, 5158, 5178, 5233, 5273, 5294, 5305, 5328, 5356, 5440, 5460, 5486, 5621, 5688, 5755, 5773, 5964, 5975, 6013, 6073, 6105, 6109, 6226, 6255, 6271, 6357, 6368, 6381, 6416, 6441, 6451, 6499, 6663, 6669, 6972, 6980, 6986, 7002, 7088, 7264, 7306, 7316, 7552, 7575, 7624, 7675, 7733, 7829, 7832, 7852, 7900, 7989, 8104, 8192, 8305, 8380, 8444, 8469, 8560, 8732, 8859, 8934, 8944, 8974, 8999, 9020, 9066, 9067, 9181, 9212, 9315, 9327, 9358, 9508, 9529, 9629, 9646, 9791, 9834, 9901, 10067, 10108, 10135, 10183, 10241, 10256, 10270, 10340, 10427, 10446, 10526, 10681, 10766, 10805, 11107, 11119, 11140, 11220, 11489, 11579, 11599, 11609, 11691, 11752, 11764, 11786, 11793, 11873, 11931, 11946, 12038, 12067, 12146, 12402, 12569, 12644, 12758, 12878, 12911, 12943, 12948, 12982, 12996, 13010, 13047, 13104, 13186, 13207, 13208, 13219]
[6299, 7758, 7966, 8587]
[109, 389, 2591, 3618, 4658, 5499, 7805, 9335, 9337, 9338, 9396, 9403, 9421, 9437, 9446, 9463, 9478, 9545, 9549, 9556, 9560, 9570, 9585, 9603, 9636, 9667, 9675, 9693, 9704, 9716, 9727, 9728, 9736, 9760, 9766, 9786, 9833, 9852, 9866, 9868, 9887, 9896, 9897, 9908, 9911, 9922, 9928, 9936, 9941, 9945, 9956, 9983, 9992, 9999, 10007, 10035, 10037, 10047, 10051, 10084, 10093, 10111, 10138, 10140, 10148, 10154, 10204, 10231, 10237, 10238, 10269, 10273, 10290, 10301, 10309, 10339, 10397, 10405, 10428, 10437, 10448, 10457, 10467, 10486, 10543, 10545, 10562, 10564, 10575, 10612, 10614, 10630, 10671, 10672, 10684, 10701, 10731, 10750, 10756, 10760, 10777, 10778, 10786, 10789, 10798, 10943, 10995, 11017, 11034, 11045, 11064, 11128, 11142, 11199, 11235, 11236, 11251, 11282, 11287, 11308, 11309, 11310, 11311, 11327, 11329, 11355, 11363, 11373, 11379, 11417, 11425, 11510, 11519, 11535, 11564, 11573, 11592, 11596, 11620, 11629, 11660, 11685, 11696, 11709, 11724, 11740, 11761, 11794, 11815, 11839, 11880, 11893, 11916, 11920, 11934, 11935, 11938, 11939, 12019, 12030, 12031, 12047, 12081, 12093, 12120, 12188, 12204, 12232, 12257, 12264, 12265, 12268, 12280, 12286, 12302, 12310, 12322, 12365, 12375, 12380, 12381, 12448, 12465, 12479, 12494, 12495, 12516, 12519, 12586, 12593, 12613, 12656, 12790, 12799, 12820, 12831, 12836, 12841, 12842, 12885, 12914, 12918, 12937, 12960, 12999, 13053, 13056, 13085, 13127, 13140, 13163, 13177, 13201, 13224]
[403, 410, 1158, 1161, 1393, 1829, 1966, 2084, 2158, 2575, 2844, 2874, 2909, 2986, 3075, 3158, 3469, 3528, 3688, 3694, 3710, 3712, 3838, 3853, 3868, 4120, 4156, 4696, 4711, 4874, 5155, 5170, 5470, 6926, 8077, 8691, 8844, 10401, 10964, 11125, 11493, 11598, 11650, 11755, 11807, 11949, 12023, 12052, 12484, 12620, 12660, 13213]
[5844, 9975, 9979, 10099, 10411, 10423, 10603, 10615, 10710, 10748, 11331, 11545, 11616, 11877, 12735, 12794]
[6308, 6453, 7449, 7853, 8179, 8596, 8949]
[1, 237, 257, 281, 296, 412, 619, 713, 1469, 1470, 1651, 1670, 1699, 1964, 1985, 2617, 2796, 3051, 3411, 3564, 3683, 3828, 3844, 4229, 4378, 4663, 5022, 5304, 6595, 6802, 7283, 7464, 9492, 9510, 9513, 9540, 9649, 9659, 9662, 9695, 9700, 9720, 9749, 9754, 9756, 9763, 9768, 9784, 9790, 9824, 9826, 9855, 9953, 9974, 10134, 10145, 10189, 10239, 10242, 10289, 10310, 10377, 10441, 10445, 10451, 10456, 10537, 10560, 10802, 10863, 10893, 11030, 11038, 11100, 11180, 11190, 11221, 11248, 11261, 11276, 11279, 11280, 11288, 11345, 11439, 11449, 11491, 11543, 11556, 11624, 11645, 11665, 11700, 11729, 11741, 11766, 11773, 11774, 11803, 11871, 12050, 12054, 12105, 12127, 12140, 12180, 12216, 12234, 12282, 12298, 12359, 12360, 12376, 12497, 12536, 12588, 12606, 12677, 12792, 12806, 12816, 12845, 12863, 12874, 12912, 12939, 13035, 13039, 13043, 13090, 13098, 13108, 13113, 13180]
[143, 1454, 1476, 1502, 1503, 1902, 3367, 3855, 4173, 4563, 4570, 4763, 5334, 5413, 5729, 5753, 6507, 7012, 7112, 7318, 7794, 7942, 8660, 9594, 9712, 10133, 10161, 10530, 10686, 10712, 10921, 10966, 11517, 12014, 12319, 12439, 12525, 13172, 13173, 13211]
[923, 1306, 1417, 2262, 2556, 2584, 3262, 3858, 4390, 5243, 5555, 5585, 5685, 7954, 9794, 9838, 10042, 10043, 10208, 10245, 10247, 10394, 11041, 11274, 11593, 11892, 12041, 12075, 12328, 12335, 12814]
[286, 343, 623, 776, 948, 1066, 1148, 1290, 1339, 1399, 1449, 1617, 1619, 1719, 1724, 1826, 1828, 2149, 2276, 2568, 2573, 2755, 3027, 3232, 3318, 3806, 3894, 4073, 4088, 4187, 4852, 5253, 5528, 5740, 6242, 6266, 6475, 6494, 6801, 7252, 7410, 7529, 7626, 7632, 7742, 7760, 7792, 7949, 8002, 8032, 8071, 8541, 8735, 8786, 8876, 8975, 8995, 9211, 9230, 9726, 9801, 10070, 10468, 11289, 11508, 11608, 11617, 11618, 11627, 11731, 11908, 12397, 12405, 12551, 12749, 12780, 13141, 13197]
[202, 329, 1283, 1325, 1344, 1578, 1707, 1834, 1836, 2338, 2520, 2658, 2662, 2948, 3015, 3112, 3135, 3156, 3516, 3605, 3621, 3787, 3856, 3980, 4001, 4010, 4165, 4195, 4196, 4356, 4373, 4394, 4404, 4444, 4483, 4500, 4726, 4788, 4868, 4872, 4982, 5023, 5027, 5073, 5074, 5079, 5092, 5107, 5110, 5132, 5139, 5143, 5203, 5205, 5289, 5322, 5332, 5417, 5425, 5431, 5457, 5477, 5481, 5670, 5672, 5679, 5708, 5794, 5862, 5885, 5936, 6290, 10421, 10767, 11326, 11549, 11671, 11917, 11925, 11926, 11988, 12044, 12362, 12840, 13160]
[175, 1233, 4938, 6014, 6384, 6933, 6984, 7300, 7625, 8529, 8862, 8906, 9258]
[710, 1359, 1364, 1482, 1992, 2343, 2358, 3434, 3589, 5020, 5059, 5343, 5652, 6503, 6637, 7616, 7981, 8310, 9034, 9331, 9476, 9690, 10412, 10967, 11044]
[58, 3826, 4317, 4447, 4473, 4493, 4657, 5267, 5956, 6736, 7301, 7762, 8370, 8432, 9439]
[5739, 9306, 9615, 9617, 9658, 9782, 10771, 10926, 10929, 11218, 11447, 12017, 12018, 12258, 12340, 12639, 12650, 12678, 12763, 12768, 12972, 13001, 13134]
[2696, 2733, 2787, 3133, 3505, 3732, 4244, 4482, 4778, 5116, 5245, 5766, 6527, 7381, 7951, 9330, 9342, 9494, 9668, 10561, 10739, 10757, 12600, 12864, 13111, 13217]
[444, 807, 834, 1008, 1839, 2059, 2461, 3184, 3211, 3750, 4067, 4217, 4271, 4385, 4591, 4842, 4855, 4882, 4900, 5103, 5165, 5321, 5570, 5930, 6340, 6369, 6489, 6790, 6810, 7059, 7263, 7472, 7676, 7971, 8325, 8436, 8843, 9015, 9145, 9146, 9201, 9329, 9432, 9710, 9850, 10032, 10810, 11461, 11634, 11853, 11859, 12056, 12221, 13066]
[9451, 9455, 9711, 9828, 10274, 10699, 11070, 11297, 11612, 11737, 11819, 12071, 12113, 12161, 12231, 12418, 12739, 12755, 13016]
[1190, 1196, 1427, 4211, 5703, 5721, 8157, 8272, 9805, 11996, 11997]
[256, 270, 275, 279, 280, 285, 303, 309, 714, 866, 2749, 5744, 6082, 6303, 7061, 8434, 8478, 8591, 9007]
[102, 120, 472, 743, 832, 863, 1279, 1288, 1383, 1404, 1497, 1515, 1524, 1681, 1792, 1988, 2217, 2224, 2537, 2552, 2555, 2615, 2641, 2843, 3128, 3450, 3809, 4038, 4101, 4111, 4417, 4527, 4682, 4823, 4859, 5019, 5202, 5578, 5599, 5772, 5778, 5824, 5852, 7562, 7601, 7863]
[2845, 3570, 6458, 7220, 7615, 7915, 8150, 8952]
[18, 230, 244, 277, 290, 293, 297, 308, 310, 323, 394, 407, 416, 458, 461, 462, 519, 546, 554, 669, 908, 1183, 2341, 2581, 2859, 2996, 3466, 3776, 3817, 3839, 3869, 4089, 4160, 4163, 4208, 4238, 4656, 4817, 4961, 5446, 5449, 5576, 5582, 5810, 5850, 5875, 5902, 5920, 6747, 9535, 9550, 9729, 9993, 9996, 10177, 10303, 10361, 10867, 10868, 10882, 10920, 10925, 10942, 11116, 11144, 11146, 11467, 11468, 11538, 11728, 11749, 11751, 11810, 11811, 11847, 12008, 12059, 12115, 12189, 12191, 12284, 12295, 12342, 12426, 12450, 12554, 12941, 12966, 12968, 12983, 13076, 13147, 13228]
[76, 158, 910, 913, 1342, 1631, 2005, 4020, 4350, 4625, 4693, 4729, 4756, 4795, 4841, 5247, 5350, 5557, 5935, 9373, 9576, 9597, 9929, 10079, 10625, 10946, 11127, 11454]
[4134, 6963, 7098, 8487, 9287]
[191, 359, 574, 692, 789, 1140, 1312, 1320, 1331, 1657, 1777, 2060, 2109, 2168, 2203, 2523, 2865, 3873, 3993, 7359, 9350, 9392, 9404, 9467, 9653, 9721, 9767, 9831, 10240, 10264, 10350, 10364, 10557, 10764, 10934, 11013, 11131, 11132, 11189, 11192, 11212, 11260, 11419, 11499, 11658, 11704, 11715, 11808, 11834, 11976, 12045, 12134, 12285, 12579, 12687, 12752, 12862, 12961, 12976, 13174]
[152, 267, 351, 402, 409, 639, 850, 864, 904, 1057, 1105, 1128, 1318, 1412, 1464, 1764, 1773, 2542, 2759, 2970, 3115, 3330, 3625, 3861, 4315, 4487, 4597, 4807, 4940, 5340, 5456, 5546, 5742, 5771, 6214, 6953, 7014, 7303, 7570, 7592, 7964, 8132, 8913, 9228, 9276, 11284, 11534, 11661, 11746, 11748, 11829, 12318]
[1788, 2022, 2052, 3916, 6233, 6270, 6943, 7288, 7553, 7717, 8033, 8361, 8534, 8559, 8836, 9267, 9295]
[118, 177, 759, 1291, 1433, 1441, 1444, 2012, 2036, 2056, 2293, 2428, 2558, 2655, 2669, 2677, 2680, 2687, 2695, 2701, 2832, 2839, 2953, 3138, 3179, 3199, 3273, 3285, 3287, 3554, 3900, 3934, 3940, 4672, 7077]
[204, 205, 332, 333, 334, 337, 339, 502, 505, 930, 1016, 1181, 1235, 1264, 1408, 1411, 1413, 1416, 1432, 1931, 1991, 2148, 2153, 2395, 3117, 3129, 3579, 3713, 3891, 3913, 6094, 6107, 6235, 6241, 6317, 6397, 6638, 6642, 6646, 6675, 6902, 6906, 6908, 6910, 6949, 6968, 7017, 7056, 7209, 7214, 7215, 7251, 7273, 7408, 7414, 7448, 7514, 7517, 7523, 7550, 7555, 7613, 7917, 7922, 7927, 7957, 7979, 8024, 8086, 8276, 8283, 8330, 8374, 8381, 8733, 8830, 8835, 8839, 8841, 8868, 8877, 8898, 8943, 8948, 12839, 13015]
[566, 567, 568, 871, 1961, 2127, 2292, 2337, 2577, 2629, 2653, 2814, 2857, 3198, 3222, 3294, 3443, 3492, 3558, 3582, 3835, 3845, 4048, 4193, 4205, 4525, 4528, 4619, 4714, 4737, 4748, 4986, 5036, 5052, 5280, 5567, 5634, 5938, 6227, 6462, 6800, 7064, 7066, 7247, 7312, 7441, 8073, 8334, 8646, 8969, 9210, 9673, 9694, 9829, 9934, 10056, 10194, 10725, 10796, 10916, 10928, 10932, 11195, 11421, 11560, 11574, 11796, 12027, 12305, 12390, 12443, 12457, 12526, 12528, 12604, 12787, 12815, 12837, 12932, 12944, 13093]
[]
