(13229, 1203)
Kmeans
[1.1260643  1.19050589 1.14325272 1.41421356 0.99824843 1.13329456
 1.16818524 1.19206029 1.20242467 1.13889737 1.12927081 1.17004393
 1.10664464 1.12068207 1.12913976 1.20768598 1.31850898 1.09140104
 1.12341424 1.2202485  1.12648626 0.98390945 1.16090699 1.09503813
 1.18933491 1.39674681 1.41421356 1.2429399  1.13735094 1.18691267
 1.32097283 1.11134227 1.17206212 1.15287515 1.12610661 1.17964224
 1.18466677 1.1609998  1.41421356 1.36053696 1.08137404 1.13261817
 1.41421356 1.38947653 1.11586152 1.09536117 1.07983722 1.31940963
 1.19167699 1.21844586 1.32191676 1.07022087 1.20180042 1.19346734
 1.17048253 1.16530093 1.16702368 1.15804848 1.14671172 1.16500821
 1.0479419  1.41421356 1.16869885 1.14456002 1.16466927 1.14883733
 1.12498744 1.2253654  1.14091983 1.13139168 1.09511738 1.17662634
 1.21885661 1.18286163 1.16210307 1.33478324 1.16376088 1.19120219
 1.1556927  1.17266231 1.21189595 1.08413404 1.14348294 1.1222516
 1.41421356 1.16343466 1.17295795 1.14389249 1.11866727 1.12030348
 1.35727184 1.12763549 1.17756718 1.14232891 1.10472167 1.20651192
 1.17333256 1.24456808 1.20352967 1.18968844 1.14965668 1.2656868
 1.14291766 1.17891748 1.13051632 1.17805739 1.13947758 1.22104896
 1.01632637 1.13988377 1.13496756 1.28437573 1.11887616 1.1861994
 1.12428727 1.18702979 1.26610758 1.1920184  1.09833683 1.1252421
 1.19390546 1.10064173 1.1294666  1.26137341 1.21949773 1.41421356
 1.12453695 1.32276169 1.10634729 1.13410267 1.11455487 1.1611266
 1.13031526 1.14116335 1.21665758 1.13232057 1.38218867 1.12068462
 1.18308029 1.11352897 1.14255427 1.20448255 1.23696942 1.06038423
 1.13902997 1.1491959  1.20155292 1.13013091 1.19579842 1.22893692
 1.15663402 1.15825433 1.18099219 1.17928094 1.17392531 1.40834558
 1.13082305 1.17816724 1.35637304 1.11388532 1.10018169 1.17554026
 1.10151682 1.20296554 1.12779869 1.41421356 1.19368835 1.13017706
 1.30835804 1.24498634 1.17281837 1.41421356 1.11228609 1.13350058
 1.15653151 1.14123808 1.09952403 1.12093152 1.37814053 1.09645875
 1.41421356 1.13717005 1.143573   1.16964027 1.11679896 1.22480247
 1.18362914 1.14847499 1.12616137 1.15131988 1.17139947 1.13591427
 1.20043799 1.16007849 1.16710463 1.2096383  1.3446258  1.15373874
 1.19134768 1.14844519]
Coeficiente de Silhueta score: 0.06654184314383253
[3291, 5736, 10433, 11126, 11858, 12119, 12478]
[7, 160, 338, 359, 1553, 1568, 2070, 2082, 2203, 2379, 2842, 3580, 4204, 4364, 4506, 4507, 4521, 4626, 4668, 5201, 5203, 5241, 5292, 5319, 5335, 5398, 5453, 5765, 6097, 6907, 7261, 7444, 8885, 9235, 9461, 9531, 9604, 9609, 10246, 10801, 11183, 11191, 11233, 11236, 11239, 11262, 11604, 12077, 12086, 12353, 12662, 12867, 13136]
[1513]
[3, 6, 10, 16, 17, 26, 30, 32, 33, 37, 41, 45, 49, 53, 58, 60, 63, 65, 72, 74, 83, 85, 88, 92, 94, 99, 100, 101, 103, 105, 108, 118, 121, 124, 128, 133, 134, 141, 142, 144, 145, 164, 177, 186, 189, 195, 197, 198, 203, 204, 205, 207, 212, 216, 218, 220, 227, 229, 232, 245, 246, 254, 256, 262, 266, 271, 272, 273, 276, 284, 288, 298, 300, 311, 315, 321, 327, 331, 333, 334, 337, 350, 360, 372, 373, 376, 378, 380, 390, 391, 395, 396, 397, 401, 405, 408, 414, 421, 432, 434, 438, 445, 447, 466, 469, 471, 484, 488, 489, 499, 501, 503, 512, 514, 516, 518, 520, 522, 523, 524, 525, 534, 536, 537, 544, 553, 563, 569, 584, 585, 586, 589, 593, 598, 602, 606, 608, 610, 612, 616, 621, 627, 629, 632, 638, 644, 647, 648, 654, 657, 660, 671, 673, 675, 680, 681, 691, 693, 697, 700, 701, 708, 710, 715, 716, 726, 727, 733, 736, 743, 745, 747, 753, 754, 756, 757, 764, 765, 766, 768, 769, 770, 771, 782, 783, 784, 789, 794, 795, 797, 805, 809, 811, 812, 814, 818, 819, 832, 837, 839, 841, 849, 851, 852, 854, 855, 863, 865, 866, 867, 870, 873, 874, 876, 883, 884, 886, 890, 900, 907, 914, 926, 942, 945, 946, 951, 975, 989, 1003, 1005, 1013, 1015, 1016, 1020, 1023, 1026, 1029, 1040, 1041, 1050, 1051, 1052, 1059, 1068, 1069, 1073, 1078, 1085, 1087, 1091, 1097, 1098, 1101, 1106, 1109, 1110, 1114, 1117, 1118, 1125, 1126, 1129, 1149, 1160, 1162, 1163, 1169, 1171, 1173, 1180, 1181, 1184, 1196, 1202, 1205, 1213, 1222, 1234, 1237, 1238, 1248, 1250, 1252, 1259, 1262, 1263, 1264, 1266, 1268, 1270, 1272, 1275, 1276, 1278, 1280, 1287, 1288, 1289, 1291, 1293, 1294, 1295, 1296, 1297, 1299, 1314, 1320, 1321, 1322, 1323, 1335, 1340, 1341, 1347, 1348, 1356, 1362, 1364, 1368, 1371, 1374, 1377, 1380, 1385, 1388, 1391, 1392, 1395, 1396, 1397, 1398, 1402, 1404, 1405, 1406, 1407, 1408, 1413, 1416, 1422, 1426, 1427, 1429, 1432, 1436, 1439, 1444, 1452, 1456, 1461, 1465, 1466, 1467, 1477, 1488, 1504, 1510, 1512, 1514, 1516, 1521, 1522, 1523, 1525, 1528, 1529, 1530, 1533, 1534, 1536, 1538, 1539, 1541, 1542, 1543, 1545, 1550, 1552, 1554, 1559, 1562, 1567, 1573, 1575, 1579, 1582, 1585, 1593, 1595, 1596, 1597, 1599, 1605, 1608, 1610, 1614, 1634, 1635, 1638, 1640, 1641, 1642, 1644, 1645, 1650, 1660, 1666, 1667, 1668, 1669, 1671, 1674, 1675, 1681, 1682, 1683, 1685, 1686, 1694, 1710, 1712, 1721, 1726, 1730, 1733, 1735, 1736, 1742, 1748, 1751, 1753, 1759, 1774, 1781, 1785, 1788, 1789, 1790, 1796, 1804, 1808, 1809, 1810, 1811, 1814, 1816, 1817, 1832, 1835, 1837, 1841, 1843, 1847, 1855, 1856, 1858, 1862, 1869, 1878, 1879, 1882, 1885, 1887, 1892, 1893, 1894, 1896, 1904, 1909, 1912, 1914, 1918, 1919, 1920, 1921, 1925, 1931, 1938, 1952, 1959, 1969, 1975, 1979, 1982, 1984, 1988, 1989, 1994, 1995, 1996, 2001, 2011, 2012, 2015, 2027, 2033, 2042, 2043, 2045, 2052, 2054, 2055, 2056, 2057, 2060, 2062, 2063, 2064, 2066, 2072, 2078, 2085, 2089, 2092, 2094, 2098, 2099, 2104, 2107, 2110, 2113, 2115, 2123, 2126, 2130, 2139, 2146, 2152, 2155, 2156, 2162, 2163, 2168, 2172, 2173, 2175, 2176, 2181, 2183, 2187, 2200, 2206, 2209, 2212, 2213, 2226, 2229, 2236, 2238, 2241, 2253, 2254, 2258, 2260, 2265, 2266, 2269, 2277, 2278, 2279, 2283, 2289, 2293, 2297, 2298, 2300, 2303, 2304, 2308, 2309, 2312, 2314, 2315, 2317, 2322, 2326, 2328, 2332, 2343, 2345, 2346, 2352, 2358, 2361, 2364, 2366, 2367, 2369, 2371, 2372, 2384, 2385, 2387, 2390, 2395, 2401, 2409, 2417, 2422, 2425, 2432, 2436, 2438, 2443, 2444, 2448, 2449, 2450, 2457, 2459, 2462, 2465, 2469, 2471, 2473, 2474, 2476, 2477, 2481, 2482, 2485, 2494, 2501, 2502, 2508, 2512, 2513, 2515, 2516, 2517, 2519, 2529, 2534, 2535, 2537, 2539, 2546, 2554, 2557, 2558, 2559, 2562, 2570, 2572, 2576, 2578, 2582, 2583, 2593, 2595, 2598, 2602, 2604, 2607, 2614, 2619, 2620, 2624, 2627, 2633, 2635, 2640, 2642, 2644, 2649, 2650, 2652, 2654, 2657, 2659, 2660, 2663, 2664, 2665, 2667, 2668, 2669, 2670, 2671, 2673, 2676, 2680, 2681, 2682, 2684, 2686, 2687, 2692, 2700, 2705, 2706, 2707, 2710, 2713, 2718, 2720, 2721, 2729, 2731, 2733, 2734, 2736, 2737, 2739, 2741, 2742, 2747, 2749, 2750, 2752, 2756, 2757, 2758, 2764, 2768, 2771, 2773, 2775, 2777, 2778, 2792, 2798, 2800, 2803, 2806, 2807, 2809, 2827, 2832, 2838, 2849, 2851, 2854, 2856, 2860, 2863, 2879, 2881, 2889, 2895, 2902, 2908, 2911, 2912, 2914, 2915, 2920, 2922, 2923, 2924, 2925, 2928, 2929, 2932, 2934, 2935, 2936, 2939, 2944, 2946, 2950, 2952, 2953, 2954, 2960, 2967, 2974, 2979, 2983, 2989, 2991, 2995, 2999, 3002, 3005, 3006, 3007, 3023, 3028, 3030, 3034, 3044, 3046, 3048, 3056, 3060, 3062, 3068, 3070, 3074, 3078, 3079, 3085, 3086, 3087, 3088, 3093, 3100, 3103, 3104, 3105, 3116, 3117, 3118, 3119, 3120, 3124, 3125, 3126, 3127, 3128, 3129, 3133, 3138, 3141, 3142, 3143, 3144, 3145, 3150, 3153, 3161, 3164, 3165, 3168, 3176, 3178, 3179, 3183, 3187, 3191, 3197, 3199, 3200, 3204, 3206, 3207, 3213, 3215, 3219, 3226, 3230, 3233, 3234, 3240, 3242, 3243, 3249, 3255, 3259, 3263, 3270, 3272, 3276, 3279, 3282, 3284, 3285, 3287, 3290, 3297, 3299, 3300, 3304, 3311, 3324, 3336, 3341, 3343, 3346, 3361, 3365, 3366, 3372, 3375, 3377, 3385, 3388, 3394, 3405, 3407, 3409, 3410, 3413, 3415, 3418, 3419, 3420, 3421, 3423, 3426, 3429, 3432, 3434, 3436, 3441, 3446, 3451, 3455, 3456, 3460, 3461, 3462, 3464, 3484, 3486, 3487, 3490, 3495, 3500, 3506, 3507, 3508, 3509, 3512, 3514, 3522, 3523, 3527, 3529, 3531, 3532, 3535, 3541, 3545, 3547, 3549, 3555, 3560, 3566, 3575, 3578, 3584, 3587, 3588, 3589, 3591, 3602, 3608, 3609, 3610, 3616, 3627, 3630, 3633, 3634, 3636, 3644, 3646, 3647, 3649, 3650, 3652, 3658, 3659, 3665, 3667, 3668, 3670, 3671, 3676, 3677, 3679, 3687, 3695, 3696, 3700, 3701, 3704, 3706, 3713, 3722, 3725, 3729, 3730, 3731, 3736, 3749, 3751, 3753, 3759, 3761, 3763, 3766, 3769, 3778, 3792, 3793, 3801, 3814, 3819, 3821, 3825, 3826, 3830, 3836, 3837, 3840, 3841, 3848, 3852, 3855, 3857, 3859, 3862, 3864, 3871, 3873, 3876, 3878, 3883, 3885, 3886, 3887, 3888, 3895, 3896, 3897, 3898, 3899, 3900, 3903, 3907, 3909, 3910, 3912, 3918, 3920, 3929, 3935, 3938, 3942, 3947, 3948, 3949, 3955, 3956, 3957, 3958, 3960, 3967, 3970, 3971, 3972, 3973, 3983, 3988, 3989, 3990, 3993, 3998, 4007, 4008, 4009, 4011, 4014, 4017, 4019, 4020, 4023, 4024, 4025, 4027, 4035, 4036, 4037, 4038, 4040, 4041, 4043, 4046, 4049, 4050, 4051, 4058, 4059, 4060, 4066, 4071, 4072, 4075, 4076, 4081, 4083, 4084, 4086, 4087, 4091, 4094, 4095, 4103, 4106, 4116, 4117, 4119, 4125, 4128, 4130, 4131, 4132, 4133, 4135, 4139, 4142, 4143, 4146, 4148, 4151, 4155, 4161, 4166, 4168, 4170, 4175, 4177, 4178, 4179, 4184, 4206, 4218, 4223, 4228, 4231, 4241, 4243, 4244, 4247, 4252, 4256, 4257, 4260, 4261, 4262, 4267, 4274, 4281, 4291, 4292, 4296, 4300, 4301, 4302, 4307, 4309, 4319, 4324, 4325, 4327, 4330, 4335, 4340, 4344, 4348, 4360, 4362, 4363, 4365, 4369, 4370, 4375, 4377, 4389, 4407, 4409, 4412, 4413, 4416, 4417, 4421, 4422, 4423, 4426, 4427, 4428, 4434, 4437, 4447, 4475, 4478, 4479, 4480, 4482, 4484, 4486, 4490, 4496, 4509, 4510, 4526, 4531, 4535, 4542, 4553, 4555, 4556, 4557, 4560, 4563, 4570, 4573, 4574, 4575, 4576, 4578, 4579, 4583, 4584, 4595, 4598, 4608, 4625, 4635, 4643, 4645, 4646, 4648, 4652, 4653, 4654, 4659, 4669, 4671, 4672, 4675, 4676, 4677, 4678, 4681, 4683, 4689, 4691, 4693, 4697, 4700, 4702, 4703, 4705, 4709, 4719, 4723, 4733, 4743, 4746, 4756, 4758, 4769, 4772, 4778, 4783, 4787, 4791, 4798, 4802, 4809, 4814, 4817, 4820, 4823, 4829, 4830, 4832, 4834, 4840, 4853, 4854, 4867, 4870, 4877, 4902, 4903, 4904, 4905, 4919, 4921, 4927, 4956, 4962, 4963, 4978, 4985, 4991, 5010, 5012, 5017, 5024, 5025, 5028, 5035, 5049, 5054, 5071, 5077, 5087, 5089, 5091, 5097, 5100, 5112, 5115, 5116, 5127, 5131, 5134, 5142, 5147, 5156, 5160, 5161, 5164, 5168, 5175, 5180, 5181, 5186, 5187, 5213, 5218, 5222, 5223, 5230, 5234, 5236, 5237, 5245, 5247, 5256, 5257, 5258, 5263, 5264, 5265, 5271, 5274, 5275, 5281, 5283, 5298, 5300, 5301, 5306, 5308, 5326, 5327, 5338, 5343, 5344, 5354, 5364, 5369, 5380, 5384, 5387, 5390, 5393, 5394, 5395, 5406, 5410, 5412, 5424, 5434, 5441, 5442, 5443, 5444, 5447, 5449, 5452, 5458, 5464, 5465, 5468, 5471, 5473, 5475, 5476, 5480, 5491, 5500, 5504, 5507, 5509, 5510, 5516, 5517, 5518, 5519, 5522, 5523, 5532, 5534, 5536, 5540, 5541, 5544, 5551, 5552, 5558, 5572, 5577, 5580, 5581, 5589, 5591, 5593, 5594, 5599, 5601, 5613, 5616, 5617, 5618, 5622, 5625, 5626, 5627, 5632, 5641, 5642, 5643, 5646, 5651, 5652, 5656, 5658, 5659, 5695, 5714, 5726, 5737, 5741, 5743, 5744, 5749, 5764, 5766, 5768, 5775, 5776, 5780, 5793, 5797, 5814, 5815, 5816, 5817, 5825, 5828, 5854, 5856, 5861, 5873, 5883, 5896, 5899, 5911, 5915, 5916, 5933, 5942, 5950, 5956, 5967, 5976, 5978, 5982, 5983, 5985, 5992, 6000, 6004, 6007, 6009, 6024, 6025, 6027, 6029, 6031, 6033, 6038, 6040, 6041, 6046, 6049, 6051, 6052, 6061, 6070, 6079, 6082, 6085, 6088, 6100, 6101, 6103, 6104, 6132, 6161, 6189, 6190, 6200, 6201, 6207, 6216, 6246, 6261, 6268, 6273, 6277, 6287, 6294, 6300, 6303, 6305, 6308, 6311, 6319, 6321, 6323, 6328, 6334, 6335, 6336, 6338, 6344, 6347, 6356, 6361, 6366, 6372, 6376, 6385, 6390, 6392, 6393, 6394, 6401, 6402, 6403, 6417, 6426, 6428, 6448, 6453, 6457, 6459, 6486, 6487, 6493, 6503, 6504, 6507, 6533, 6546, 6555, 6615, 6635, 6636, 6644, 6648, 6649, 6653, 6657, 6668, 6672, 6673, 6679, 6686, 6687, 6705, 6707, 6715, 6717, 6720, 6721, 6724, 6725, 6726, 6727, 6731, 6740, 6742, 6746, 6752, 6755, 6762, 6771, 6772, 6781, 6783, 6784, 6787, 6788, 6793, 6797, 6803, 6804, 6807, 6809, 6813, 6826, 6891, 6903, 6912, 6917, 6918, 6921, 6925, 6944, 6950, 6954, 6955, 6960, 6963, 6970, 6973, 6979, 6989, 6990, 6991, 6996, 6998, 7000, 7003, 7008, 7011, 7030, 7035, 7036, 7041, 7042, 7044, 7046, 7048, 7061, 7063, 7065, 7067, 7074, 7077, 7083, 7086, 7091, 7096, 7098, 7100, 7101, 7108, 7117, 7119, 7120, 7126, 7177, 7205, 7217, 7218, 7221, 7224, 7228, 7231, 7232, 7242, 7254, 7255, 7258, 7262, 7266, 7268, 7269, 7276, 7285, 7287, 7296, 7302, 7308, 7311, 7314, 7327, 7328, 7329, 7395, 7413, 7416, 7422, 7425, 7427, 7429, 7434, 7437, 7442, 7445, 7446, 7447, 7449, 7450, 7452, 7453, 7454, 7456, 7457, 7460, 7462, 7515, 7523, 7524, 7527, 7528, 7551, 7556, 7557, 7560, 7561, 7566, 7569, 7570, 7572, 7573, 7579, 7583, 7585, 7590, 7593, 7594, 7599, 7601, 7602, 7603, 7604, 7605, 7608, 7610, 7613, 7618, 7619, 7622, 7630, 7636, 7639, 7644, 7652, 7654, 7657, 7660, 7666, 7668, 7669, 7678, 7684, 7685, 7686, 7692, 7695, 7698, 7713, 7714, 7715, 7719, 7720, 7722, 7730, 7737, 7747, 7753, 7762, 7765, 7766, 7775, 7776, 7779, 7780, 7790, 7791, 7794, 7800, 7813, 7815, 7823, 7825, 7828, 7853, 7885, 7896, 7908, 7922, 7928, 7930, 7933, 7948, 7951, 7952, 7955, 7956, 7957, 7958, 7974, 7976, 7977, 7983, 7986, 8005, 8008, 8009, 8014, 8017, 8021, 8026, 8027, 8031, 8033, 8040, 8047, 8050, 8051, 8057, 8059, 8064, 8069, 8072, 8079, 8089, 8090, 8092, 8093, 8095, 8102, 8105, 8106, 8109, 8110, 8115, 8133, 8139, 8143, 8148, 8154, 8156, 8157, 8158, 8163, 8164, 8165, 8170, 8177, 8179, 8184, 8194, 8195, 8231, 8249, 8272, 8277, 8282, 8284, 8298, 8301, 8302, 8303, 8310, 8311, 8314, 8320, 8327, 8331, 8332, 8339, 8343, 8346, 8349, 8350, 8352, 8359, 8362, 8367, 8370, 8372, 8375, 8376, 8377, 8383, 8386, 8398, 8402, 8413, 8421, 8423, 8432, 8434, 8442, 8449, 8451, 8466, 8475, 8478, 8481, 8484, 8487, 8492, 8493, 8497, 8498, 8501, 8502, 8505, 8506, 8510, 8516, 8518, 8530, 8544, 8548, 8551, 8558, 8576, 8591, 8593, 8596, 8600, 8601, 8612, 8615, 8617, 8623, 8629, 8630, 8631, 8633, 8638, 8641, 8688, 8690, 8710, 8802, 8841, 8850, 8854, 8863, 8864, 8865, 8868, 8871, 8872, 8880, 8882, 8884, 8898, 8905, 8908, 8917, 8919, 8921, 8940, 8943, 8946, 8949, 8951, 8953, 8957, 8964, 8973, 8993, 8994, 9003, 9006, 9007, 9008, 9014, 9018, 9024, 9025, 9026, 9031, 9037, 9038, 9040, 9046, 9053, 9056, 9057, 9075, 9076, 9079, 9080, 9081, 9082, 9088, 9099, 9103, 9104, 9105, 9106, 9114, 9115, 9119, 9120, 9139, 9140, 9147, 9148, 9152, 9153, 9154, 9158, 9163, 9164, 9168, 9171, 9173, 9177, 9182, 9191, 9193, 9194, 9197, 9198, 9207, 9213, 9219, 9223, 9226, 9233, 9238, 9240, 9243, 9244, 9247, 9249, 9268, 9273, 9277, 9278, 9284, 9287, 9289, 9290, 9291, 9293, 9298, 9314, 9328, 9336, 9341, 9342, 9345, 9360, 9368, 9376, 9377, 9381, 9395, 9407, 9415, 9439, 9441, 9444, 9445, 9455, 9459, 9460, 9466, 9468, 9474, 9477, 9479, 9484, 9490, 9500, 9507, 9509, 9535, 9538, 9539, 9543, 9546, 9550, 9554, 9562, 9564, 9569, 9573, 9576, 9589, 9593, 9610, 9613, 9617, 9621, 9623, 9625, 9626, 9631, 9633, 9643, 9652, 9672, 9674, 9682, 9696, 9708, 9712, 9715, 9718, 9725, 9729, 9740, 9741, 9746, 9753, 9761, 9762, 9771, 9775, 9796, 9797, 9799, 9802, 9806, 9811, 9816, 9820, 9836, 9837, 9839, 9841, 9842, 9844, 9847, 9851, 9854, 9857, 9858, 9861, 9865, 9867, 9884, 9885, 9890, 9892, 9894, 9902, 9905, 9909, 9919, 9921, 9938, 9942, 9946, 9959, 9963, 9979, 9995, 10002, 10011, 10014, 10015, 10020, 10023, 10026, 10027, 10031, 10036, 10039, 10055, 10057, 10059, 10073, 10079, 10081, 10083, 10088, 10090, 10094, 10095, 10096, 10099, 10103, 10104, 10107, 10112, 10121, 10123, 10128, 10129, 10141, 10142, 10143, 10149, 10150, 10157, 10161, 10162, 10163, 10165, 10180, 10185, 10192, 10213, 10224, 10240, 10248, 10249, 10260, 10271, 10272, 10279, 10281, 10284, 10298, 10300, 10319, 10328, 10329, 10336, 10342, 10343, 10359, 10369, 10370, 10387, 10400, 10402, 10406, 10411, 10412, 10417, 10423, 10439, 10453, 10462, 10473, 10488, 10489, 10491, 10492, 10496, 10498, 10509, 10510, 10516, 10520, 10521, 10532, 10542, 10546, 10547, 10556, 10559, 10561, 10584, 10594, 10595, 10632, 10636, 10659, 10688, 10691, 10693, 10705, 10710, 10712, 10714, 10720, 10722, 10729, 10730, 10739, 10745, 10755, 10758, 10762, 10780, 10792, 10793, 10800, 10804, 10821, 10857, 10859, 10871, 10884, 10886, 10890, 10895, 10902, 10908, 10919, 10923, 10925, 10930, 10936, 10938, 10942, 10945, 10946, 10966, 10975, 10976, 10991, 10992, 11002, 11006, 11008, 11012, 11042, 11049, 11052, 11063, 11070, 11072, 11082, 11084, 11085, 11087, 11091, 11098, 11099, 11103, 11104, 11105, 11106, 11115, 11124, 11129, 11131, 11137, 11139, 11149, 11154, 11155, 11160, 11161, 11163, 11164, 11165, 11167, 11168, 11170, 11171, 11173, 11174, 11175, 11176, 11194, 11197, 11198, 11200, 11209, 11213, 11219, 11225, 11227, 11228, 11229, 11231, 11241, 11252, 11256, 11286, 11290, 11293, 11294, 11298, 11304, 11314, 11316, 11325, 11346, 11350, 11353, 11359, 11360, 11361, 11362, 11367, 11370, 11383, 11384, 11385, 11388, 11392, 11395, 11402, 11405, 11406, 11407, 11408, 11409, 11411, 11414, 11420, 11426, 11427, 11431, 11436, 11437, 11446, 11450, 11459, 11465, 11470, 11478, 11482, 11494, 11516, 11522, 11523, 11524, 11526, 11537, 11538, 11539, 11541, 11545, 11546, 11550, 11552, 11561, 11569, 11571, 11576, 11583, 11584, 11585, 11587, 11589, 11590, 11600, 11601, 11611, 11621, 11632, 11633, 11640, 11641, 11643, 11646, 11655, 11656, 11657, 11659, 11663, 11673, 11674, 11676, 11677, 11678, 11702, 11707, 11712, 11715, 11717, 11721, 11722, 11725, 11742, 11745, 11747, 11756, 11758, 11770, 11775, 11776, 11778, 11780, 11782, 11787, 11788, 11791, 11802, 11806, 11810, 11819, 11821, 11837, 11840, 11843, 11845, 11848, 11850, 11857, 11867, 11870, 11878, 11887, 11897, 11911, 11919, 11923, 11942, 11943, 11944, 11945, 11948, 11953, 11965, 11970, 11972, 11976, 11985, 11986, 11994, 11995, 11996, 11997, 12008, 12009, 12015, 12017, 12021, 12032, 12035, 12037, 12043, 12051, 12065, 12069, 12076, 12079, 12084, 12089, 12096, 12102, 12107, 12109, 12110, 12113, 12114, 12122, 12135, 12139, 12143, 12160, 12166, 12168, 12172, 12174, 12185, 12191, 12193, 12201, 12208, 12212, 12213, 12215, 12218, 12220, 12222, 12230, 12238, 12240, 12246, 12260, 12275, 12276, 12278, 12281, 12284, 12291, 12295, 12311, 12312, 12313, 12320, 12325, 12326, 12329, 12330, 12333, 12334, 12337, 12338, 12339, 12340, 12345, 12347, 12348, 12351, 12352, 12356, 12364, 12366, 12392, 12399, 12400, 12403, 12407, 12409, 12412, 12414, 12422, 12424, 12432, 12440, 12442, 12447, 12450, 12453, 12458, 12460, 12461, 12463, 12464, 12468, 12477, 12480, 12487, 12488, 12489, 12505, 12518, 12522, 12525, 12527, 12534, 12535, 12539, 12540, 12544, 12548, 12550, 12554, 12561, 12562, 12567, 12572, 12574, 12578, 12579, 12581, 12582, 12584, 12585, 12590, 12600, 12607, 12608, 12611, 12612, 12617, 12625, 12626, 12629, 12636, 12639, 12642, 12651, 12653, 12658, 12665, 12666, 12670, 12673, 12676, 12679, 12681, 12684, 12686, 12689, 12691, 12692, 12693, 12694, 12697, 12699, 12702, 12705, 12712, 12717, 12719, 12720, 12723, 12724, 12727, 12729, 12731, 12736, 12739, 12740, 12743, 12745, 12747, 12748, 12751, 12760, 12764, 12765, 12769, 12772, 12776, 12777, 12782, 12784, 12791, 12796, 12809, 12813, 12824, 12826, 12839, 12843, 12847, 12849, 12850, 12851, 12857, 12859, 12861, 12862, 12865, 12883, 12888, 12896, 12902, 12903, 12908, 12915, 12921, 12928, 12929, 12949, 12951, 12953, 12954, 12958, 12961, 12966, 12968, 12972, 12976, 12977, 12978, 12980, 12985, 12994, 13006, 13007, 13013, 13015, 13019, 13029, 13030, 13036, 13042, 13045, 13054, 13061, 13062, 13063, 13064, 13065, 13068, 13072, 13074, 13075, 13076, 13077, 13088, 13089, 13092, 13097, 13099, 13102, 13103, 13106, 13111, 13112, 13115, 13117, 13124, 13125, 13126, 13130, 13138, 13145, 13154, 13159, 13161, 13169, 13171, 13173, 13178, 13183, 13187, 13195, 13196, 13200, 13212, 13215, 13226, 13229]
[120, 209, 243, 625, 785, 1137, 1277, 1723, 2179, 2193, 2282, 2284, 2406, 2435, 2530, 2561, 2648, 2694, 2865, 3033, 3218, 3252, 3271, 3412, 3538, 3561, 3590, 3809, 4110, 4211, 4455, 4471, 4504, 4539, 4742, 4759, 4786, 4917, 4947, 5000, 5001, 5020, 5031, 5185, 5220, 5337, 5405, 5409, 5493, 5573, 5583, 5772, 5787, 5912, 8190, 8494, 9647, 9721, 9845, 10006, 10076, 10130, 10350, 10674, 10675, 10678, 10847, 11057, 11058, 11062, 11182, 11456, 11458, 11462, 11469, 11716, 11844, 11885, 11993, 12022, 12144, 12145, 12148, 12177, 12357, 12367, 12382, 12393, 12417, 12649, 12778, 12819, 12892, 12897, 13058, 13204, 13225]
[722, 1353, 1448, 1784, 2128, 2318, 2350, 2850, 3123, 3442, 4085, 4284, 4336, 4568, 4661, 4747, 4766, 4773, 4989, 5324, 5710, 6065, 6122, 6128, 6139, 6140, 6141, 6142, 6143, 6144, 6146, 6150, 6505, 7022, 7070, 7271, 7574, 7781, 8414, 8461, 8769, 9013, 9827, 10028, 10158, 11735, 12118, 12379, 12469, 12894]
[531, 1192, 4623, 5495, 6583, 7122, 9873, 9878, 10196, 10207, 10494, 10515, 12011, 12176, 12398, 12800, 12854, 13148, 13155, 13179]
[487, 840, 904, 1854, 1866, 3813, 4358, 4843, 5042, 5857, 6022, 9388, 9405, 9619, 9692, 9702, 11451, 11746, 11748, 11833, 13162]
[153, 318, 655, 664, 668, 670, 891, 943, 1382, 1502, 1806, 2007, 2142, 2900, 3195, 3251, 3680, 4605, 4633, 5189, 5310, 6223, 6247, 6330, 6661, 6671, 6939, 7399, 7667, 7942, 7985, 8082, 8278, 8525, 8545, 8624, 8660, 9062, 9063, 9264, 9850, 9930, 10074, 10160, 10168, 10655, 10692, 11177, 11425, 11591, 12207, 12483, 12687, 12744, 12995, 13213]
[81, 279, 437, 467, 653, 1113, 1115, 1269, 1591, 1603, 1652, 1664, 1792, 1868, 1942, 1944, 2021, 2025, 2058, 2096, 2111, 2112, 2313, 2349, 2716, 2770, 3367, 3463, 3743, 3932, 3962, 3975, 4098, 4123, 4399, 4771, 4926, 5365, 5474, 5571, 5751, 5836, 5874, 6282, 6332, 6407, 6770, 7001, 8571, 8626, 9380, 9612, 9932, 10138, 11079, 11120, 11389, 11391, 11489, 11592, 12092, 12203, 12646, 12674, 13141]
[336, 415, 1822, 2975, 3525, 4063, 4129, 4345, 4498, 5212, 5459, 5719, 5767, 5940, 6329, 6796, 7492, 9206, 9517, 9518, 9679, 10019, 10201, 11455, 11881, 12725, 12732, 13181, 13209]
[154, 155, 214, 215, 228, 407, 442, 723, 725, 825, 888, 1546, 1752, 1791, 1793, 2628, 2937, 3476, 3617, 3961, 4250, 4476, 4929, 4980, 4987, 5193, 5238, 6015, 6704, 6718, 7006, 7305, 7939, 7945, 7978, 9112, 9113, 9141, 9142, 9426, 9630, 10075, 10170, 10171, 10191, 10234, 10380, 10466, 10553, 10576, 11204, 11497, 11506, 11588, 11699, 11714, 11718, 11727, 11734, 11736, 12165, 12167, 12299, 12395, 12396, 12401, 12555, 12950, 13059, 13060, 13176]
[40, 171, 324, 850, 1824, 1833, 2356, 2362, 2365, 2400, 2407, 2416, 2424, 2696, 2791, 3326, 3516, 3727, 4048, 4353, 4662, 4790, 4860, 4907, 5146, 5401, 5525, 5931, 6364, 6760, 6865, 7019, 7149, 8395, 8831, 9214, 9697, 9699, 9828, 10395, 10454, 10471, 10472, 11287, 11464, 11517, 11594, 11667, 12053, 12384]
[15, 162, 365, 909, 1138, 1244, 1349, 1636, 1873, 1970, 2003, 2526, 2754, 3014, 3089, 3094, 3098, 3440, 3768, 3995, 4793, 5111, 5249, 5411, 5705, 7104, 7947, 8187, 9005, 9351, 9416, 9422, 9425, 9429, 9476, 9508, 9521, 9567, 9572, 9580, 9581, 9585, 9743, 10178, 10367, 10408, 10565, 11090, 11178, 11192, 11206, 11224, 11320, 11348, 11457, 11510, 11540, 11542, 11579, 11703, 11931, 11969, 12146, 12199, 12229, 12231, 12252, 12254, 12272, 12446, 12501, 12664, 12775, 13041, 13056, 13210]
[1615, 4958, 5114, 5169, 5700, 5739, 9534, 9766, 9770, 9904, 10069, 10642, 10896, 11336, 11575, 11701, 11935, 12479, 12485, 12537, 12869, 12984]
[4543, 7417, 7521, 7567, 7656, 7728, 7757, 8037, 8155, 8338, 8456]
[18, 61, 125, 131, 225, 226, 230, 231, 242, 244, 250, 258, 259, 285, 293, 304, 320, 328, 344, 379, 382, 416, 443, 451, 462, 470, 527, 529, 532, 533, 535, 538, 543, 545, 547, 557, 558, 565, 570, 690, 707, 709, 1183, 4160, 4176, 4192, 4216, 4249, 4259, 4366, 4368, 4398, 4406, 4420, 4425, 4512, 4664, 4706, 5032, 5055, 5067, 5122, 5123, 5171, 5293, 5352, 5370, 5389, 5430, 5451, 5582, 5595, 5606, 5654, 5665, 5762, 5810, 5819, 5922, 6055, 6056, 9355, 9378, 9393, 9402, 9440, 9488, 9627, 9691, 9719, 9730, 9783, 9787, 9795, 9814, 9821, 9883, 9918, 9975, 9981, 9993, 9996, 10009, 10017, 10024, 10113, 10114, 10151, 10186, 10197, 10232, 10263, 10297, 10355, 10360, 10366, 10371, 10379, 10381, 10415, 10432, 10435, 10459, 10484, 10490, 10504, 10531, 10535, 10558, 10570, 10572, 10577, 10579, 10580, 10582, 10583, 10607, 10615, 10629, 10633, 10653, 10656, 10660, 10679, 10696, 10704, 10715, 10764, 10774, 10791, 10852, 10854, 10856, 10860, 10862, 10867, 10868, 10874, 10882, 10898, 10900, 10907, 10914, 10939, 10949, 10959, 10971, 10987, 10993, 10996, 11000, 11003, 11007, 11014, 11015, 11018, 11023, 11027, 11033, 11035, 11036, 11043, 11046, 11061, 11066, 11068, 11110, 11257, 11312, 11860]
[34, 39, 129, 146, 352, 480, 1072, 1247, 1315, 1447, 1498, 1507, 1535, 1569, 1602, 1626, 1627, 1930, 2090, 2327, 2781, 2830, 2896, 3180, 3307, 3315, 3322, 3353, 3354, 3358, 3368, 3380, 3395, 3425, 3515, 3654, 3808, 4003, 4015, 4079, 4153, 4329, 4569, 4647, 4698, 4850, 5029, 5136, 5182, 5269, 5278, 5331, 5336, 5353, 5361, 5437, 5450, 5482, 5556, 5637, 5661, 5662, 5663, 5728, 5760, 5761, 5806, 5807, 5887, 5907, 5917, 5941, 6006, 6039, 6092, 6415, 6434, 6519, 7662, 8131, 8845, 8883, 8890, 8896, 8965, 9016, 9216, 9409, 9412, 9491, 9848, 9924, 10287, 10315, 10322, 10325, 10331, 10665, 10666, 11378, 11835, 12029, 12290, 12374, 12789, 12871, 12974]
[355, 450, 704, 4894, 6133, 6517, 6863, 6935, 7681, 7709, 8020, 8145, 8455, 8499, 9260, 9383, 9547, 11668, 11912]
[208, 307, 323, 341, 455, 456, 458, 461, 474, 546, 548, 667, 950, 1141, 1345, 1948, 2097, 2489, 2585, 2589, 2600, 2996, 3604, 3666, 4163, 4269, 4415, 4436, 4559, 4615, 5282, 5363, 5446, 5576, 5628, 5660, 5803, 5875, 5920, 5927, 5944, 9391, 9411, 9498, 9520, 9524, 9548, 9618, 9649, 9777, 9832, 9863, 9899, 9920, 9933, 9939, 10239, 10308, 10316, 10317, 10326, 10338, 10341, 10396, 10445, 10451, 10560, 10706, 10748, 10757, 10865, 10897, 10953, 10957, 11102, 11318, 11334, 11342, 11396, 11439, 11468, 11551, 11562, 11624, 11628, 11630, 11642, 11686, 11728, 11779, 11804, 11869, 11905, 11978, 12013, 12016, 12062, 12071, 12095, 12111, 12116, 12170, 12197, 12239, 12294, 12342, 12343, 12408, 12473, 12475, 12566, 12583, 12588, 12594, 12650, 12718, 12726, 12763, 12768, 12779, 12806, 12821, 12860, 12877, 12905, 12927, 12988, 13034, 13050, 13073, 13227]
[1, 167, 257, 281, 296, 412, 619, 713, 1081, 1256, 1470, 1739, 2228, 3051, 3411, 3564, 3844, 4229, 6595, 6802, 7283, 7464, 9309, 9334, 9492, 9510, 9513, 9540, 9655, 9662, 9695, 9700, 9749, 9754, 9756, 9763, 9768, 9784, 9790, 9824, 9826, 9855, 9881, 9953, 9974, 10134, 10145, 10177, 10202, 10242, 10310, 10377, 10441, 10456, 10537, 10601, 10802, 10863, 10893, 11030, 11172, 11180, 11190, 11221, 11248, 11258, 11261, 11276, 11279, 11280, 11345, 11419, 11447, 11449, 11491, 11543, 11556, 11645, 11665, 11700, 11729, 11741, 11766, 11773, 11774, 11803, 11812, 12050, 12054, 12105, 12127, 12140, 12162, 12180, 12216, 12234, 12282, 12298, 12349, 12359, 12360, 12497, 12601, 12792, 12845, 12864, 12874, 12912, 12939, 13035, 13039, 13043, 13090, 13098, 13108, 13113, 13180]
[9302, 9311, 9313, 9505, 9506, 9590, 9803, 9815, 9910, 10022, 10307, 10332, 10505, 10690, 10700, 10719, 10978, 10983, 11054, 11152, 11240, 11265, 11300, 11330, 11333, 11428, 11531, 11580, 11582, 11606, 11637, 11814, 11818, 11981, 11982, 12000, 12556, 12560, 12643, 12690, 12713, 12812, 12848, 12876, 12889, 12895, 13057, 13157, 13203, 13220]
[172, 178, 179, 180, 181, 211, 233, 314, 374, 431, 465, 479, 551, 552, 561, 562, 564, 579, 605, 622, 628, 658, 687, 696, 755, 778, 779, 780, 781, 828, 881, 938, 952, 956, 961, 964, 965, 968, 969, 971, 976, 978, 980, 990, 992, 993, 1007, 1155, 1156, 1175, 1176, 1177, 1178, 1186, 1187, 1188, 1230, 1242, 1313, 1328, 1351, 1355, 1357, 1366, 1379, 1381, 1389, 1390, 1394, 1399, 1401, 1411, 1414, 1423, 1437, 1455, 1493, 1519, 1520, 1646, 1665, 1676, 1678, 1693, 1698, 1700, 1711, 1713, 1715, 1716, 1746, 1801, 1915, 1916, 1936, 1967, 2009, 2013, 2040, 2071, 2074, 2077, 2118, 2135, 2186, 2198, 2199, 2205, 2389, 2414, 2431, 2566, 2626, 2636, 2852, 3101, 3130, 3139, 3163, 3171, 3202, 3214, 3239, 3257, 3268, 3273, 3280, 3310, 3319, 3320, 3323, 3342, 3371, 3382, 3400, 3401, 3444, 3576, 3577, 3631, 3643, 3682, 3847, 5845, 5865]
[158, 910, 913, 1342, 1631, 1961, 2005, 4350, 4457, 4729, 5350, 5494, 5557, 5935, 9373, 9597, 9929, 10625, 10718, 10733, 11127, 11454]
[6378, 7690, 7923, 7995, 8183, 8210, 8856]
[5748]
[2524, 5149, 6370, 6660, 6662, 6958, 8324, 8622, 8848, 9064, 9065, 9259, 9281, 12621]
[297, 464, 590, 592, 810, 1267, 1462, 1506, 1731, 1754, 1780, 1851, 2214, 2744, 3794, 4090, 4201, 4443, 4636, 5095, 5325, 5781, 5989, 6053, 9438, 9448, 9588, 9620, 9661, 9748, 9804, 9917, 9950, 9961, 9973, 10098, 10106, 10195, 10529, 10783, 10879, 10927, 11339, 11375, 11509, 11511, 11856, 11992, 12004, 12005, 12164, 12283, 12735, 12788, 12823, 12825, 13024, 13046]
[478, 1629, 2418, 4282, 4596, 4736, 6923, 8846, 9406, 9595, 9688, 10950, 11047, 11247, 11263, 11282, 12482, 12834, 13026]
[1193, 6077, 7786, 7937, 8075, 8473, 8490]
[221, 617, 719, 868, 911, 953, 1093, 1260, 1302, 1358, 1359, 1612, 1616, 1768, 1990, 2037, 2061, 2393, 2427, 2442, 2586, 3020, 3302, 3327, 3466, 3553, 3675, 3870, 3893, 3992, 4013, 4144, 4158, 4185, 4314, 4374, 4396, 4442, 4463, 4561, 4593, 4674, 4762, 4935, 4937, 5069, 5072, 5118, 5272, 5277, 5351, 5362, 5378, 5385, 5418, 5455, 5623, 5673, 5758, 5801, 5849, 5895, 5972, 6035, 6120, 6121, 6124, 6131, 6138, 6159, 6163, 6165, 6166, 6170, 6171, 6174, 6176, 6177, 6179, 6187, 6464, 6580, 6584, 6701, 6959, 7189, 7194, 7197, 7606, 7774, 7816, 7988, 8286, 8365, 8415, 9227, 9255, 9392, 10086, 10226, 10670, 10724, 10790, 11020, 11203, 11444, 11480, 11652, 11695, 11744, 11960, 11983, 12085, 12182, 12263, 12695, 12708, 12766, 12783, 13032, 13150, 13153]
[875, 1376, 1561, 1714, 2190, 2249, 2520, 3193, 3205, 3447, 3605, 5708, 7105, 9724, 10375, 11311, 11548, 11671, 12091, 12698, 13069, 13133, 13134, 13175]
[475, 497, 1273, 1673, 1679, 1688, 1690, 1695, 1697, 1777, 1947, 2272, 2288, 2823, 2840, 2982, 3147, 3227, 3298, 3422, 3435, 3439, 3773, 4188, 4665, 4908, 4932, 5038, 5386, 5421, 5805, 5818, 5870, 5910, 6353, 8834, 9340, 9367, 9384, 9401, 9420, 9434, 9435, 9472, 9475, 9553, 9579, 9596, 9622, 9677, 9689, 9706, 9846, 9900, 10068, 10102, 10217, 10264, 10277, 10429, 10469, 10533, 10541, 10549, 10621, 10622, 10638, 10643, 10646, 10647, 10648, 10683, 10687, 10828, 10829, 10831, 10956, 10972, 11024, 11193, 11338, 11340, 11354, 11400, 11499, 11648, 11684, 11689, 11836, 11891, 11928, 11971, 12061, 12083, 12112, 12125, 12147, 12344, 12411, 12434, 12462, 12499, 12500, 12563, 12640, 12661, 12992, 13040, 13087, 13094]
[340, 1290, 1475, 1580, 1647, 2008, 2034, 2073, 2119, 2336, 2592, 2735, 2968, 3055, 3427, 3445, 3485, 3494, 4074, 4112, 4145, 4246, 4380, 4492, 4495, 4587, 4602, 4755, 4933, 5008, 5041, 5106, 5297, 5314, 5375, 5630, 5650, 5683, 5693, 5699, 5779, 5804, 5813, 5837, 5869, 5955, 6050, 6690, 7649, 8321, 8450, 9675, 9720, 9750, 10016, 10131, 10713, 10894, 10995, 10999, 11789, 11973, 12376, 12606, 12790, 13122, 13156]
[69, 1600, 2464, 2486, 2866, 2930, 3597, 4053, 4203, 4290, 4581, 4727, 4960, 4981, 5011, 5808, 5964, 5988, 6226, 6972, 7306, 7778, 8192, 9020, 9519, 10340, 10449, 10522, 10649, 11672, 11764, 11862, 12268, 12465]
[829, 4270, 4283, 4371, 4650, 5015, 6320, 6738, 9246, 9653, 9703, 10797, 12841]
[799, 1033, 1062, 1701, 1762, 1815, 1850, 1929, 2075, 2217, 2224, 2263, 2295, 2330, 2333, 2553, 2599, 2606, 2786, 2788, 2901, 2938, 2947, 2956, 2984, 3113, 3693, 4592, 5295, 5676, 6285, 7068, 7320, 7494, 8001, 8053, 8172, 8404, 8447, 8477, 8574, 8621, 10313, 11114]
[6225, 6327, 6496, 6643, 6659, 6689, 6967, 7124, 7674, 8029, 8268, 8342, 8527, 8620, 8987, 8996, 9036, 9060, 9061, 9091, 9092, 9294]
[6238, 6316, 6480, 6654, 7546, 7824, 8066, 8316, 8335, 8431, 8495, 8538, 8606, 8980, 9054, 9215, 9283]
[4, 11, 21, 28, 43, 48, 50, 56, 70, 111, 112, 166, 222, 223, 260, 261, 306, 332, 339, 346, 348, 399, 473, 502, 513, 530, 539, 556, 572, 651, 699, 718, 746, 879, 899, 930, 934, 958, 1044, 1075, 1077, 1130, 1168, 1174, 1182, 1220, 1235, 1236, 1239, 1281, 1298, 1319, 1424, 1548, 1624, 1649, 1651, 1684, 1747, 1962, 1963, 1964, 2023, 2036, 2050, 2051, 2131, 2141, 2147, 2148, 2153, 2159, 2167, 2357, 2413, 2430, 2550, 2675, 2677, 2695, 2701, 2708, 2835, 2853, 2961, 3035, 3037, 3269, 3331, 3406, 3438, 3491, 3517, 3524, 3554, 3556, 3571, 3579, 3599, 3767, 3780, 3796, 4042, 4044]
[286, 343, 623, 735, 776, 921, 933, 948, 1066, 1148, 1310, 1339, 1449, 1617, 1719, 1724, 1826, 1828, 2149, 2568, 2573, 2755, 3027, 3232, 3318, 3806, 3894, 4088, 4852, 5253, 5426, 5528, 5740, 6078, 6242, 6252, 6266, 6475, 6494, 6801, 7252, 7410, 7415, 7529, 7626, 7632, 7742, 7760, 7792, 7949, 8002, 8032, 8071, 8474, 8541, 8735, 8876, 8975, 8995, 9211, 9230, 9726, 9801, 10070, 10468, 10539, 11289, 11508, 11608, 11617, 11618, 11627, 11834, 11908, 12397, 12405, 12551, 12749, 12780, 13197]
[6254, 7116, 7240, 7275, 7324, 8549, 9028, 9107, 9108]
[6064, 6067, 6069, 6310, 6422, 6429, 6442, 6665, 6764, 7026, 7087, 7227, 7286, 7787, 7996, 8078, 8460, 8463, 8465, 8599, 8915, 8922, 8935, 9070, 9071, 9179]
[540, 571, 578, 601, 613, 679, 698, 777, 905, 1061, 1108, 1872, 1987, 2069, 2106, 2218, 2220, 2239, 2242, 2825, 3502, 3619, 3629, 3832, 4226, 4448, 4739, 5002, 6125, 6324, 6399, 6466, 6488, 6937, 7072, 7109, 7131, 7280, 7335, 7362, 7466, 7807, 7846, 7872, 7876, 7987, 8200, 8412, 8552, 8720, 8743, 8878, 8962, 8988, 9262, 9300, 9690, 9774, 10004, 10144, 10548, 10685, 11479, 11649, 12183, 12187, 12427, 12513, 12520, 12832]
[143, 425, 486, 728, 740, 1102, 1142, 1190, 1254, 1332, 1435, 1446, 1581, 1586, 1769, 1875, 1908, 1993, 2105, 2132, 2245, 2251, 2359, 2446, 2679, 2715, 3159, 3162, 3397, 3414, 3459, 3585, 3934, 4208, 4219, 4464, 4848, 4983, 5496, 5521, 5531, 5707, 5732, 5747, 5900, 6074, 6231, 6306, 6362, 6374, 6437, 6468, 6510, 6588, 6608, 6629, 6639, 6748, 6792, 6879, 6988, 7143, 7147, 7173, 7659, 7661, 7712, 7748, 7817, 7847, 7929, 8030, 8161, 8294, 8299, 8323, 8406, 8419, 8438, 8470, 8532, 8594, 8826, 8840, 8852, 8931, 8967, 9041, 9051, 9087, 9169, 9187, 9203, 9307, 9350, 9352, 9514, 9926, 10120, 10200, 10378, 10611, 10641, 10682, 10901, 11089, 11896, 11899, 12025, 12141, 12571, 12602, 12622]
[62, 66, 68, 79, 182, 251, 270, 357, 485, 685, 762, 763, 858, 889, 1025, 1067, 1080, 1088, 1092, 1100, 1107, 1152, 1185, 1199, 1221, 1253, 1286, 1309, 1363, 1442, 1450, 1564, 1587, 1708, 1857, 1870, 1890, 1891, 1932, 1941, 1957, 1980, 1986, 2004, 2038, 2138, 2145, 2188, 2202, 2227, 2231, 2247, 2250, 2813, 2971, 2972, 2993, 3010, 3081, 3334, 3453, 3537, 3563, 3593, 3657, 3673, 3689, 3726, 3746, 3815, 3827, 3843, 3860, 3863, 3882, 3884, 3922, 3940, 3944, 4026, 4108, 4190, 4248, 4355, 4376, 4382, 4655, 4795, 4803, 4974, 4976, 5081, 5188, 5273, 5294, 5305, 5440, 5460, 5621, 5755, 5975, 6013, 6105, 6253, 6256, 6271, 6357, 6368, 6381, 6416, 6441, 6456, 6499, 6669, 6745, 6986, 7002, 7111, 7264, 7418, 7539, 7552, 7575, 7675, 7793, 7798, 7829, 7832, 7852, 7900, 7989, 8011, 8305, 8351, 8380, 8405, 8444, 8550, 8560, 8732, 8847, 8859, 8934, 8968, 8999, 9116, 9167, 9181, 9212, 9315, 9327, 9358, 9404, 9467, 9529, 9629, 9646, 9782, 9791, 9849, 9901, 10067, 10108, 10183, 10241, 10256, 10446, 10526, 10681, 10766, 10805, 10934, 11013, 11107, 11119, 11140, 11212, 11220, 11222, 11599, 11631, 11679, 11691, 11786, 11793, 11865, 11873, 11946, 11961, 12134, 12205, 12402, 12569, 12644, 12706, 12758, 12878, 12911, 12943, 12948, 12982, 12996, 13010, 13047, 13186, 13207, 13208, 13219]
[6318, 7612, 7614, 8166, 8609, 9042]
[86, 1473, 3157, 6431, 6778, 6786, 6806, 7587, 7711, 7925, 8044, 8107, 8582, 8789, 8924, 9188, 9196, 9217, 13017]
[1055, 1150, 2869, 2959, 3278, 3472, 4885, 5159, 6109, 6232, 6632, 7338, 7407, 8388, 8974, 9908]
[1621, 4331, 6279, 6312, 6400, 6409, 7290, 7424, 7627, 7631, 7671, 7693, 8018, 8149, 8289, 8561, 8568, 8602, 8879, 8894]
[25, 51, 71, 122, 135, 157, 183, 234, 363, 381, 423, 426, 429, 433, 490, 580, 922, 925, 1132, 1560, 1643, 1657, 1937, 2348, 2460, 2549, 2833, 2848, 3450, 3607, 3655, 3747, 3945, 4031, 4039, 4118, 4140, 4357, 4392, 4424, 4461, 4831, 5199, 5287, 5357, 5396, 5445, 5535, 5722, 5840, 5891, 6102, 6275, 6817, 6942, 7073, 7208, 7278, 7459, 7525, 7700, 7701, 7801, 8006, 8137, 8214, 8240, 8564, 8781, 9266, 9394, 9603, 10035, 10078, 10275, 10511, 10846, 10917, 11357, 11697, 11822, 12007, 12181, 12365, 12496, 12510, 12613, 12700, 12710, 13028, 13037, 13201]
[236, 845, 1164, 1166, 1454, 1503, 1623, 2029, 2215, 2221, 3548, 3562, 3928, 4864, 5183, 5356, 7235, 7772, 9549, 12306, 13182]
[452, 2125, 2370, 4107, 4138, 4454, 5119, 5158, 5166, 5214, 5770, 6026, 7564, 11038, 11871]
[662, 1496, 2973, 3526, 4383, 4489, 4822, 5191, 5729, 6058, 6243, 6255, 7053, 8542, 8661, 8664, 8897, 9295, 9522, 10003, 10557, 11004, 11527, 11694, 11895, 12730, 12781, 12962, 13216]
[267, 439, 1906, 2965, 3488, 4127, 4859, 4944, 5019, 5498, 5607, 6030, 6213, 6307, 6858, 6862, 6866, 6869, 6875, 7409, 7559, 7624, 8185, 8328, 8515, 8595, 10461, 12023, 12960]
[138, 1505, 2790, 2864, 3332, 3684, 3931, 3933, 4305, 4520, 4819, 5094, 5639, 5852, 6367, 10436, 10442, 10958, 11453, 11861, 12592]
[127, 472, 674, 760, 761, 917, 1096, 1143, 1153, 1509, 1565, 1953, 2180, 2197, 2545, 2672, 2783, 2846, 3064, 3674, 3977, 4588, 4607, 5586, 5791, 5929, 6086, 6206, 6286, 6436, 6556, 6761, 6905, 6913, 6932, 7029, 7039, 7052, 7090, 7093, 7097, 7178, 7282, 7297, 7536, 7568, 7577, 7633, 7721, 7990, 7998, 8117, 8168, 8171, 8337, 8354, 8420, 8482, 8509, 8575, 8930, 9044, 9049, 9176, 9200, 9234, 9239, 9257, 11959, 12418]
[89, 97, 149, 573, 1032, 1043, 1722, 1725, 1745, 2065, 2143, 2240, 2248, 2252, 4191, 4224, 4861, 6047, 6697, 6716, 6812, 6861, 7020, 7584, 7845, 8035, 8087, 8340, 8341, 9004, 9101, 9102, 9137, 9138, 9222, 9983, 10968, 11235, 11283, 12266, 12746]
[237, 417, 775, 3536, 3626, 4378, 4513, 5304, 5420, 5565, 5986, 7860, 8007, 9353, 9454, 9722, 9737, 10189, 10288, 10586, 12003, 12406, 13082]
[620, 1103, 6110, 6111, 6115, 6116, 6118, 6126, 6127, 6129, 6130, 6135, 6136, 6137, 6145, 6149, 6152, 6153, 6158, 6162, 6164, 6167, 6173, 6175, 6178, 6180, 6183, 6185, 6188, 6193, 6199, 6250, 6521, 6523, 6525, 6527, 6528, 6529, 6530, 6531, 6534, 6535, 6536, 6537, 6538, 6540, 6541, 6542, 6543, 6544, 6545, 6547, 6548, 6551, 6553, 6554, 6558, 6560, 6561, 6563, 6564, 6565, 6566, 6567, 6568, 6572, 6573, 6576, 6578, 6579, 6581, 6585, 6590, 6597, 6599, 6602, 6603, 6604, 6605, 6606, 6607, 6610, 6611, 6612, 6613, 6614, 6616, 6617, 6618, 6620, 6621, 6622, 6627, 6630, 6631, 6634, 6638, 6642, 6646, 6675, 6682, 6737, 6753, 6758, 6765, 6766, 6815, 6816, 6818, 6820, 6821, 6822, 6824, 6827, 6828, 6829, 6833, 6834, 6840, 6841, 6843, 6844, 6845, 6846, 6847, 6848, 6849, 6850, 6851, 6852, 6853, 6854, 6855, 6856, 6857, 6864, 6867, 6870, 6871, 6872, 6873, 6876, 6881, 6883, 6885, 6887, 6888, 6889, 6890, 6892, 6893, 6894, 6895, 6896, 6897, 6900, 6902, 6904, 6906, 6908, 6910, 6914, 6915, 6916, 6949, 6968, 7017, 7056, 7127, 7128, 7129, 7130, 7134, 7138, 7142, 7144, 7145, 7148, 7151, 7152, 7153, 7154, 7155, 7156, 7159, 7161, 7163, 7164, 7167, 7168, 7169, 7170, 7171, 7172, 7175, 7176, 7181, 7185, 7186, 7187, 7191, 7192, 7196, 7200, 7201, 7203, 7204, 7212, 7214, 7331, 7336, 7343, 7348, 7351, 7352, 7361, 7368, 7370, 7371, 7372, 7375, 7376, 7377, 7379, 7380, 7382, 7383, 7385, 7388, 7392, 7393, 7394, 7400, 7461, 7463, 7465, 7469, 7476, 7479, 7480, 7482, 7483, 7485, 7486, 7490, 7493, 7495, 7497, 7499, 7500, 7504, 7506, 7507, 7509, 7513, 7514, 7517, 7831, 7833, 7835, 7836, 7837, 7838, 7841, 7842, 7843, 7844, 7848, 7850, 7851, 7855, 7856, 7857, 7858, 7859, 7861, 7862, 7863, 7864, 7865, 7866, 7867, 7868, 7869, 7870, 7871, 7873, 7874, 7875, 7878, 7879, 7881, 7883, 7884, 7886, 7887, 7888, 7889, 7890, 7892, 7893, 7894, 7895, 7897, 7898, 7903, 7907, 7909, 7910, 7912, 7914, 7916, 7917, 7918, 7919, 7920, 7927, 7967, 7979, 8024, 8086, 8196, 8198, 8199, 8201, 8202, 8204, 8205, 8206, 8208, 8209, 8211, 8212, 8213, 8215, 8216, 8217, 8218, 8221, 8222, 8223, 8224, 8225, 8226, 8227, 8228, 8229, 8230, 8232, 8233, 8234, 8235, 8236, 8237, 8238, 8239, 8241, 8243, 8248, 8251, 8253, 8254, 8255, 8256, 8257, 8259, 8262, 8263, 8264, 8265, 8266, 8270, 8271, 8276, 8281, 8283, 8330, 8374, 8381, 8607, 8608, 8610, 8651, 8652, 8653, 8654, 8655, 8656, 8657, 8658, 8659, 8663, 8665, 8666, 8667, 8669, 8671, 8672, 8673, 8674, 8676, 8683, 8685, 8686, 8692, 8693, 8694, 8695, 8696, 8697, 8699, 8700, 8701, 8702, 8705, 8707, 8708, 8709, 8712, 8713, 8714, 8716, 8718, 8719, 8721, 8722, 8726, 8727, 8728, 8730, 8731, 8733, 8734, 8736, 8737, 8739, 8741, 8742, 8744, 8747, 8750, 8751, 8752, 8755, 8757, 8758, 8759, 8760, 8762, 8764, 8766, 8767, 8768, 8770, 8772, 8774, 8775, 8776, 8777, 8778, 8780, 8782, 8784, 8785, 8787, 8788, 8790, 8791, 8794, 8795, 8797, 8798, 8805, 8807, 8811, 8812, 8813, 8814, 8816, 8821, 8822, 8823, 8824, 8825, 8827, 8829, 8830, 8835, 8837, 8839, 8881, 8901, 8948, 8955]
[6197, 6314, 7770, 7970, 8041, 8174, 8379, 8504, 8604, 9252]
[1131, 1334, 1903, 1923, 2286, 2543, 2547, 2590, 2603, 2605, 2698, 2828, 3188, 3457, 3877, 4154, 4667, 4918, 5006, 6427, 6795, 8920, 9611, 10265, 10392, 11113, 11271, 11765, 12040, 12507, 12610, 12685]
[9925, 10225, 10323, 10353, 10455, 10524, 10550, 10551, 10593, 10598, 10723, 10785, 10817, 10980, 11044, 11069, 11118, 11135, 11187, 11234, 11253, 11337, 11358, 11372, 11386, 11401, 11404, 11416, 11422, 11435, 11481, 11484, 11486, 11503, 11518, 11528, 11529, 11559, 11581, 11625, 11670, 11680, 11683, 11801, 11813, 11826, 11849, 11901, 11902, 12034, 12039, 12152, 12225, 12241, 12256, 12292, 12293, 12307, 12323, 12327, 12354, 12358, 12394, 12413, 12419, 12452, 12466, 12470, 12471, 12481, 12503, 12508, 12596, 12614, 12742, 12771, 12818, 12868, 12899, 12901, 12922, 12942, 12970, 12971, 12997, 13009, 13038, 13086, 13101, 13137, 13199]
[649, 1284, 1899, 1911, 1933, 2271, 2611, 2618, 2631, 2643, 3082, 3265, 3483, 3685, 3698, 3709, 3764, 3820, 3865, 4093, 4099, 4361, 4432, 4571, 4600, 5047, 5078, 5229, 5415, 5419, 5461, 5483, 5537, 5574, 5644, 5694, 5792, 5866, 5906, 6005, 6805, 6930, 7436, 7665, 7726, 7984, 8384, 8900, 9301, 9559, 10597, 11019, 11021, 11305, 11429, 11432, 11777, 11785, 11877, 11906, 12153, 12247, 12309, 12388, 12451, 12538, 12542, 12589, 12631, 12668, 12737, 12969, 12987, 13031, 13194, 13222]
[247, 430, 453, 721, 1070, 1170, 1479, 1494, 1765, 2170, 3924, 4372, 4923, 5076, 5096, 5501, 5802, 5943, 9306, 9853, 9869, 9872, 9991, 9997, 10485, 10573, 10667, 10673, 10892, 10937, 11048, 11050, 11123, 11244, 11688, 11811, 12058, 12255, 12918, 13078, 13100]
[80, 107, 277, 358, 386, 517, 554, 1151, 1637, 3611, 3921, 4070, 4157, 4173, 4277, 4481, 4617, 4644, 4732, 4753, 4899, 4959, 4968, 5005, 5051, 5138, 5686, 5750, 5812, 5878, 5990, 6228, 6969, 7045, 7125, 7162, 7544, 7743, 7819, 8203, 8207, 8219, 8407, 8440, 9220, 9666, 9860, 12913]
[175, 213, 1233, 1497, 1524, 2843, 4938, 6014, 6384, 6512, 6933, 6984, 7300, 7625, 8529, 8862, 8906, 8959, 9258]
[77, 110, 132, 643, 903, 1425, 1589, 1767, 2035, 2046, 2053, 2273, 2503, 2571, 2829, 3212, 3468, 3496, 3595, 3941, 3987, 4313, 4441, 4467, 4469, 4948, 5022, 5280, 5413, 5579, 5584, 5669, 5691, 5867, 5936, 5980, 6134, 6976, 7043, 8123, 8322, 8832, 9324, 9436, 9502, 9558, 9658, 10119, 10124, 10125, 10159, 10164, 10214, 10244, 10255, 10530, 10750, 10807, 10858, 10954, 10994, 11037, 11039, 11196, 11214, 11398, 11434, 11682, 11687, 11915, 11922, 12157, 12189, 12245, 12250, 12322, 12490, 12492, 12605, 12767, 12916, 12957, 12959]
[73, 147, 555, 566, 567, 568, 871, 2127, 2292, 2337, 2344, 2577, 2629, 2641, 2814, 2857, 3222, 3275, 3294, 3443, 3558, 3582, 3835, 3845, 4193, 4205, 4525, 4528, 4619, 4714, 4737, 4986, 5036, 5052, 5567, 5634, 5938, 6227, 6462, 6800, 7064, 7066, 7247, 7312, 7359, 7441, 8073, 8334, 8646, 8969, 9210, 9673, 9694, 9829, 9840, 9934, 10056, 10194, 10725, 10796, 10916, 10928, 10932, 11040, 11156, 11195, 11421, 11560, 11574, 11798, 12027, 12258, 12305, 12390, 12443, 12457, 12526, 12528, 12604, 12787, 12815, 12837, 12932, 12944, 13093]
[109, 389, 2161, 3618, 5499, 7805, 9320, 9335, 9337, 9396, 9399, 9403, 9421, 9437, 9449, 9463, 9478, 9493, 9494, 9541, 9545, 9556, 9560, 9563, 9594, 9607, 9608, 9615, 9636, 9637, 9663, 9667, 9693, 9704, 9716, 9727, 9736, 9738, 9751, 9760, 9767, 9779, 9786, 9852, 9866, 9868, 9876, 9887, 9896, 9897, 9911, 9928, 9936, 9941, 9945, 9956, 9984, 9992, 10007, 10037, 10046, 10047, 10051, 10084, 10092, 10140, 10154, 10174, 10204, 10231, 10237, 10238, 10269, 10290, 10301, 10314, 10337, 10339, 10354, 10361, 10397, 10405, 10410, 10428, 10447, 10448, 10467, 10545, 10562, 10564, 10602, 10630, 10661, 10671, 10672, 10676, 10684, 10686, 10698, 10726, 10756, 10760, 10777, 10778, 10786, 10788, 10913, 10921, 10933, 10940, 10943, 10970, 11028, 11045, 11064, 11093, 11128, 11142, 11143, 11159, 11278, 11308, 11309, 11313, 11355, 11363, 11364, 11373, 11379, 11417, 11418, 11466, 11502, 11519, 11520, 11535, 11573, 11596, 11620, 11660, 11685, 11693, 11696, 11709, 11740, 11761, 11794, 11815, 11839, 11893, 11916, 11920, 11934, 11938, 11939, 11977, 12030, 12031, 12047, 12081, 12093, 12120, 12131, 12188, 12204, 12233, 12257, 12264, 12265, 12280, 12286, 12302, 12310, 12319, 12363, 12375, 12380, 12381, 12439, 12448, 12494, 12495, 12516, 12519, 12531, 12586, 12593, 12647, 12656, 12680, 12755, 12774, 12799, 12810, 12820, 12831, 12836, 12838, 12885, 12886, 12900, 12914, 12937, 12956, 12999, 13053, 13085, 13127, 13128, 13146, 13163, 13172, 13177, 13211, 13217, 13224]
[1154, 1576, 1999, 2285, 2891, 3362, 6073, 6224, 6295, 6451, 6980, 7565, 7729, 7733, 8285, 8428, 8469, 8526, 8583, 8944, 9045, 9312, 9369, 9922, 10045, 10093, 10270, 10437, 12184]
[634, 635, 637, 1300, 1613, 2655, 3335, 4913, 6586, 7239, 8135, 9021]
[308, 310, 1274, 1618, 1807, 2325, 2433, 2674, 4113, 4286, 4782, 4878, 4998, 5132, 5671, 6298, 6747, 6965, 7755, 8410, 8586, 10709, 11863, 12373]
[737, 738, 1208, 3804, 4997, 5309, 5489, 5847, 5987, 6123, 6211, 6288, 6469, 6663, 7317, 7468, 7473, 7519, 7640, 7696, 7804, 7810, 7931, 7994, 8003, 8097, 8392, 8403, 8513, 8556, 8577, 8970, 9066, 9067]
[678, 6695, 6776, 8557, 8989, 9017, 9186]
[59, 114, 117, 238, 322, 440, 630, 1179, 1258, 1594, 1625, 1677, 1864, 2320, 2898, 3216, 3978, 4073, 4505, 4511, 4549, 4931, 5254, 5619, 6593, 6601, 7913, 8142, 9769, 10147, 11731, 11847, 12206]
[463, 491, 686, 688, 689, 893, 2014, 2703, 3465, 3783, 3954, 4242, 4562, 4699, 5194, 6515, 9577, 9669, 9773, 9886, 10139, 10199, 10261, 10861, 11369, 12410, 12711]
[93, 275, 588, 732, 773, 859, 877, 1706, 1787, 1865, 2095, 2291, 3148, 3344, 3505, 3756, 3800, 3936, 4136, 4299, 4401, 4566, 5070, 5402, 5479, 5756, 5939, 6108, 6455, 6483, 6703, 6754, 8191, 8329, 8753, 8983, 9110, 9111, 9172, 9785, 9817, 9957, 10969, 11226, 12156, 12609, 12822]
[106, 597, 661, 1049, 1111, 1200, 1420, 1421, 1607, 2751, 3223, 3569, 3735, 5084, 5884, 6084, 6205, 6461, 6819, 6941, 7037, 7304, 7443, 7470, 7670, 8220, 8308, 8508, 8956, 11669, 11757]
[188, 1803, 2709, 2797, 3660, 4126, 4673, 9471, 9698, 9798, 9812, 9898, 9913, 9923, 9960, 9962, 9965, 9969, 9978, 9986, 10296, 10534, 10571, 10604, 10651, 10694, 10880, 10912, 11557, 11586, 11913, 11927, 11962, 12198, 12341, 13218]
[20, 511, 786, 932, 937, 1035, 1207, 1245, 1246, 1257, 1365, 1373, 1799, 1874, 1926, 2024, 2039, 2160, 2208, 2216, 2274, 2275, 2321, 2335, 2341, 2490, 2493, 2581, 2689, 2691, 2767, 2836, 2883, 2897, 3012, 3083, 3235, 3551, 3567, 3692, 3714, 3719, 3728, 3745, 3762, 3776, 3785, 3839, 3854, 3869, 3872, 3892, 3923, 3925, 3959, 3965, 4052, 4061, 4092, 4096, 4181, 4199, 4210, 4235, 4287, 4311, 4352, 4393, 4517, 4540, 4550, 4586, 4603, 4612, 4618, 4637, 4656, 4713, 4750, 4835, 4846, 4934, 4961, 4999, 5066, 5196, 5227, 5228, 5342, 5382, 5433, 5545, 5680, 5681, 5702, 5763, 5784, 5789, 5850, 5945, 5971, 5979, 6020, 6192, 6484, 6798, 6919, 7396, 7467, 7474, 7481, 7484, 7496, 7502, 7508, 7707, 8056, 8140, 8539, 8628, 8984, 9208, 9316, 9323, 9385, 9451, 9469, 9487, 9499, 9624, 9788, 9792, 9891, 9895, 9906, 9907, 9912, 9955, 9958, 9982, 10008, 10048, 10062, 10105, 10122, 10156, 10203, 10205, 10304, 10347, 10352, 10362, 10365, 10431, 10464, 10479, 10499, 10736, 10749, 10773, 10787, 10947, 11122, 11315, 11365, 11390, 11442, 11471, 11507, 11713, 11750, 11763, 11781, 11790, 11792, 11820, 11824, 11828, 11918, 11929, 12012, 12020, 12045, 12060, 12087, 12101, 12133, 12190, 12219, 12262, 12277, 12297, 12300, 12301, 12361, 12369, 12372, 12391, 12425, 12568, 12633, 12635, 12709, 12757, 12844, 12893, 12936, 12955, 12963, 13091, 13107, 13118, 13188]
[75, 364, 599, 1419, 1563, 1630, 1802, 1825, 1840, 1849, 1876, 1877, 1905, 1934, 1935, 1939, 1956, 1960, 1965, 1968, 1972, 1973, 1974, 1981, 1985, 1991, 2796, 3196, 3360, 3770, 3799, 3811, 11921, 12981]
[1303, 1842, 1924, 1946, 1998, 2151, 2154, 2488, 3066, 3151, 3471, 3501, 3718, 3795, 4121, 4172, 4532, 4735, 4909, 4969, 5007, 5026, 5099, 5113, 5179, 5285, 5334, 5692, 5954, 5994, 6249, 6251, 7082, 7123, 7398, 8067, 8129, 8333, 9011, 9318, 9362, 9410, 9503, 10825, 10906, 11277, 11578, 12036, 12303, 12655, 12993]
[6090, 6234, 6296, 6346, 6396, 6445, 6501, 6666, 6732, 6799, 6947, 6999, 7050, 7107, 7248, 7310, 7438, 7547, 7597, 7648, 7703, 7754, 7809, 7950, 8015, 8065, 8116, 8180, 8313, 8373, 8437, 8486, 8535, 8584, 8640, 8875, 8938, 9001, 9072, 9159, 9209, 9271]
[241, 384, 803, 936, 1090, 1361, 1601, 1883, 1888, 1992, 2256, 2638, 3024, 3408, 3943, 4359, 4589, 5526, 5603, 5648, 6229, 6257, 7015, 7241, 7369, 7421, 7435, 7694, 7796, 8121, 8618, 9683, 10210, 11651, 11771, 12599]
[161, 1224, 1279, 1387, 1491, 1515, 1578, 1590, 2184, 2232, 2724, 2802, 2812, 2824, 2858, 2943, 3433, 4710, 4788, 5376, 5785, 9058, 9059, 9644, 11077, 12923]
[640, 683, 2169, 2195, 2211, 2219, 2255, 2264, 2287, 2329, 2340, 2347, 2363, 2410, 2437, 2456, 2466, 2480, 2487, 2506, 2514, 2521, 2528, 2565, 2574, 2587, 2596, 2609, 2646, 2666, 2714, 2722, 2730, 2740, 2745, 2748, 2753, 2765, 2772, 2776, 2785, 2789, 2794, 2801, 2810, 2826, 2831, 2834, 2837, 2841, 2847, 2855, 2861, 2867, 2872, 2876, 2880, 2885, 2892, 2906, 2913, 2916, 2919, 2927, 2933, 2941, 2945, 2951, 2955, 2958, 2963, 2969, 2976, 2980, 2985, 2987, 2994, 2997, 3003, 3008, 3013, 3021, 3026, 3029, 3032, 3036, 3041, 3043, 3049, 3054, 3057, 3065, 3069, 3084, 3091, 3097, 3102, 3106, 3111, 3122, 3132, 3137, 3146, 3149, 3155, 3160, 3169, 3172, 3173, 3174, 3175, 3181, 3185, 3189, 3190, 3194, 3201, 3208, 3217, 3225, 3231, 3237, 3253, 3261, 3264, 3267, 3274, 3277, 3281, 3286, 3292, 3296, 3301, 3306, 3308, 3313, 3317, 3325, 3328, 3333, 3340, 3347, 3355, 3359, 3363, 3369, 3376, 3381, 3386, 3389, 3392, 3398, 3404]
[542, 906, 1378, 1648, 1654, 1658, 1659, 1670, 1704, 2353, 3481, 3513, 3648, 4147, 4189, 4238, 4278, 4297, 4308, 4333, 4522, 4565, 4686, 4694, 4845, 4984, 5086, 5137, 5259, 5261, 5392, 5620, 5684, 5738, 5800, 5851, 5902, 5903, 6113, 6688, 6736, 7076, 7301, 7334, 7346, 7353, 7488, 7491, 9330, 9642, 9789, 9914, 10137, 10293, 10376, 10845, 10864, 11251, 11352, 11371, 12154, 12155, 12171, 12332, 12346, 12637, 13081]
[152, 351, 402, 404, 409, 411, 639, 864, 1057, 1083, 1105, 1128, 1240, 1318, 1412, 1431, 1464, 1764, 1773, 2396, 2397, 2402, 2404, 2542, 2567, 2699, 2759, 2970, 3115, 3330, 3625, 3861, 3891, 3913, 4236, 4315, 4940, 5340, 5546, 5631, 5742, 5771, 6195, 6214, 6953, 7014, 7136, 7209, 7303, 7555, 7592, 7964, 8132, 8197, 8317, 9228, 9276, 11284, 11534, 11661, 11829, 12318, 12547]
[7202, 7390, 7906, 8725, 8820]
[95, 669, 672, 882, 908, 1508, 1604, 1895, 2451, 2784, 3001, 3364, 3396, 3480, 3824, 3849, 4149, 4233, 4293, 4294, 4322, 4343, 4388, 4460, 4493, 4687, 4779, 4804, 4805, 4897, 5013, 5093, 5144, 5174, 5215, 5226, 5296, 5403, 5454, 5481, 5554, 5629, 5844, 5872, 5926, 6304, 6348, 6354, 7210, 7498, 7620, 7725, 8445, 8592, 8689, 8963, 9098, 9305, 9408, 9428, 9733, 10013, 10050, 10117, 10118, 10644, 10654, 10809, 11001, 11243, 11430, 11433, 11553, 11570, 11681, 11739, 11805, 11832, 11940, 11955, 11964, 11984, 12028, 12130, 12192, 12498, 12618, 12619, 12641, 12675, 12802, 12835, 12879, 12941, 12983, 13023, 13070, 13165]
[301, 684, 838, 944, 3110, 4536, 6929, 7420, 8152, 8162, 9254, 9568, 10289, 10808, 12151]
[316, 650, 1054, 1312, 1653, 1663, 2079, 2878, 3492, 5233, 5472, 5490, 5688, 7071, 7135, 7165, 7279, 7298, 7475, 7489, 7501, 7550, 8122, 8306, 8679, 8738, 9645, 9678, 9818, 10179, 10253, 10351, 11016, 11530, 11533, 12019, 12024, 12097, 12415]
[8, 193, 954, 1301, 1324, 1354, 1732, 1863, 1910, 2355, 2564, 2632, 2651, 2690, 2787, 2998, 3073, 3632, 3691, 3723, 4167, 4304, 4334, 4599, 4718, 4824, 4826, 4866, 4887, 4928, 5065, 5083, 5140, 5141, 5246, 5266, 5366, 5414, 5423, 5538, 5553, 5561, 5655, 5823, 5876, 5889, 5908, 5959, 5968, 6169, 6172, 6198, 6267, 6589, 6592, 6730, 7195, 7401, 7650, 7699, 8128, 8130, 8181, 8364, 8396, 8746, 8748, 8749, 8877, 9157, 9346, 9875, 9880, 9944, 10110, 10364, 11117, 11166, 11658, 11662, 12063, 12267, 12433, 12438, 12454, 12598, 12634, 12716, 12907, 13012]
[119, 1771, 2728, 3473, 3628, 4708, 4777, 4836, 4901, 4950, 4996, 5016, 5101, 5208, 5209, 5224, 5231, 5235, 5315, 5372, 5439, 5497]
[3140, 4337, 5824, 9387, 9450, 9552, 9640, 9656, 9835, 9980, 9990, 10038, 10071, 10091, 10321, 10334, 10409, 10418, 10460, 10501, 10512, 10518, 10569, 10613, 10640, 10645, 10658, 10695, 10708, 10811, 10855, 10881, 10918, 10920, 10922, 10984, 11009, 11080, 11270, 11472, 11647, 11706, 11989, 11999, 12163, 12248, 12428, 12431, 12444, 12445, 12628, 12657, 12756, 13052]
[1144, 2949, 6938, 7651, 7734, 8290, 9263]
[264, 282, 330, 345, 582, 4230, 4303, 4349, 4462, 4580, 4695, 4893, 5124, 5242, 5355, 5448, 5550, 5746, 5923, 6037, 9482, 9605, 9606, 9731, 9809, 10082, 10600, 10759, 10823, 10833, 10941, 10948, 10962, 10997, 11005, 11029, 11092, 11101, 11904]
[274, 289, 1060, 1116, 1316, 2531, 3951, 4034, 4491, 4775, 4945, 5549, 5564, 5636, 5653, 5718, 5880, 6019, 6043, 9862, 10025, 10209, 10513, 10566, 10727, 10876, 11026, 11074, 11230, 11254, 11958]
[435, 1848, 2048, 2882, 3099, 3109, 3345, 3356, 3370, 3754, 4328, 4418, 4620, 4712, 4796, 4856, 4898, 4949, 4988, 5117, 5184, 5206, 5388, 5485, 5696, 5720, 5811, 5820, 5826, 5829, 5860, 5888, 5913, 5946, 6516, 6811, 8394, 9397, 9398, 9528, 9616, 9680, 9723, 9755, 9831, 9948, 10030, 10101, 10216, 10221, 10235, 10236, 10324, 10404, 10482, 10536, 10538, 10554, 10555, 10578, 10590, 10753, 10776, 10779, 10844, 10899, 10990, 11207, 11762, 12564, 13109, 13132, 13166, 13192, 13193]
[2569, 6106, 6210, 6498, 6878, 7025, 7250, 7289, 7751, 7944, 8304, 8496, 8512, 8998, 9231]
[831, 897, 1048, 1121, 1409, 1415, 1472, 2137, 2440, 2661, 2761, 2921, 2931, 3338, 3511, 3601, 3906, 3911, 3950, 3994, 4245, 4395, 4451, 4837, 4911, 5190, 5712, 6684, 6922, 7716, 8036, 9374, 9465, 9601, 9871, 10018, 10053, 10282, 10327, 10330, 10389, 10888, 10889, 10982, 11249, 11250, 11424, 11513, 11566, 12042, 12068, 12082, 12149, 12385, 12441, 12449, 12455, 12459, 12504, 12506, 12645, 12652, 12659, 12715]
[174, 676, 1094, 1329, 1598, 1661, 1734, 1805, 2102, 2411, 2423, 2472, 2500, 2510, 3254, 3431, 5640, 5733, 6089, 6386, 6432, 6587, 7089, 7095, 7785, 8360, 8397, 8485, 8925, 8990, 9713, 10382, 10486, 11319, 12124, 12128, 12350, 12827, 13096]
[22, 398, 624, 1039, 1210, 1307, 1372, 1440, 1728, 1729, 1819, 2157, 2243, 2966, 3061, 3244, 3329, 3424, 3482, 3543, 3583, 3622, 3716, 3765, 3866, 3880, 3991, 4347, 4450, 4818, 4990, 5547, 6054, 6080, 6218, 6244, 6450, 6575, 6652, 6952, 7179, 7265, 7432, 7433, 7739, 7941, 7992, 8295, 8369, 8452, 8457, 8476, 8520, 8543, 8687, 8711, 8942, 9052, 9275, 9473, 9632, 9670, 9870, 10752, 10814, 10878, 11071, 11335, 12378]
[609, 772, 792, 827, 846, 848, 853, 860, 896, 901, 915, 1860, 2270, 2429, 2497, 4966, 5379, 9551, 10798, 10799, 11307, 11473, 11564, 11609, 11619, 11635, 11636, 11704, 12891]
[190, 196, 199, 200, 201, 202, 842, 1228, 2280, 2475, 2518, 2717, 2873, 2992, 3390, 3479, 3596, 4028, 4082, 4240, 4597, 4614, 4941, 4946, 4954, 5135, 5318, 5339, 5505, 5730, 5731, 6157, 6365, 6369, 6743, 7211, 7274, 8843, 9030, 9464, 9728, 9732, 10097, 10458, 10614, 10926, 10929, 10960, 11011, 11288, 11724, 11738]
[5901, 9423, 9424, 9800, 9888, 10229, 10286, 10335, 10506, 10507, 10589, 10664, 10717, 10981, 11208, 11299, 11324, 11558, 11967, 12179, 12242, 12436, 12474, 12493, 12833, 12933]
[52, 170, 392, 400, 460, 521, 528, 633, 702, 813, 1460, 1468, 1471, 2067, 2267, 2354, 2507, 2760, 2774, 3058, 3624, 3642, 3678, 3699, 3732, 3823, 3937, 3999, 4005, 4030, 4150, 4567, 4649, 5105, 5195, 5299, 6670, 6832, 7058, 7190, 7629, 7877, 8309, 8806, 8838, 9781, 10391, 10623, 12421, 12476, 12532, 12570, 13119]
[403, 410, 677, 1158, 1161, 1393, 1499, 1592, 1829, 1884, 1966, 2158, 2201, 2575, 2844, 2874, 2909, 2986, 3075, 3158, 3469, 3528, 3688, 3694, 3710, 3784, 3838, 3853, 3868, 4120, 4156, 4696, 4711, 4874, 5155, 5170, 5470, 6926, 6931, 7518, 7740, 8077, 8098, 8691, 9256, 9648, 9859, 10401, 10964, 11125, 11185, 11493, 11598, 11650, 11755, 11807, 11949, 12052, 12387, 12484, 12620, 12660]
[869, 920, 929, 941, 1229, 1606, 1632, 1689, 1798, 1823, 2311, 2405, 2601, 2622, 2990, 3039, 3387, 3540, 3901, 3997, 4288, 4518, 4810, 5043, 5108, 5172, 5198, 5200, 5210, 5262, 5563, 5569, 5735, 5790, 5919, 6021, 6633, 6706, 6751, 6769, 7487, 8960, 9379, 9430, 9497, 9657, 9742, 9793, 9810, 9931, 10000, 10085, 10087, 10100, 10386, 10422, 10424, 10465, 10519, 10795, 10818, 10822, 11218, 11268, 11393, 11403, 11732, 11769, 11772, 12057, 12308, 12314, 12383, 12514, 12524, 12577, 12597, 12624, 12632, 12648, 12678, 12714, 13011, 13095, 13190]
[1484, 5463, 6289, 6292, 6413, 6681, 6794, 6831, 7081, 7511, 7607, 7643, 7731, 7943, 8016, 8113, 8578, 8580, 8902, 9085, 9086, 9204, 9229]
[928, 1139, 1197, 1326, 1527, 1609, 1958, 2020, 2165, 2257, 2259, 2276, 2331, 2421, 2454, 2478, 2498, 2527, 2811, 2815, 2917, 3572, 4068, 4109, 4134, 4182, 4470, 4651, 4821, 4828, 4906, 5003, 5033, 5232, 5239, 5478, 5568, 5575, 5587, 5608, 5677, 5821, 5830, 5838, 5839, 5848, 5868, 5893, 5932, 6728, 7655, 7911, 8842, 9155, 9776, 9794, 10502, 10701, 10836, 10885, 11150, 11211, 11937, 11998, 12251, 12355, 12663, 12677, 12734]
[12, 217, 927, 935, 1333, 1696, 2294, 2305, 2319, 2762, 2763, 3416, 3984, 4162, 4197, 4785, 4851, 5102, 5150, 5727, 7118, 9370, 9660, 10033, 10034, 10040, 10188, 10669, 10989, 11073, 11933, 12546, 12703, 12917, 12998, 13002]
[692, 822, 824, 1469, 1619, 1778, 1951, 2204, 2616, 2625, 3712, 3807, 3904, 3914, 3981, 4298, 4316, 4351, 4533, 4660, 4725, 4751, 4776, 4827, 4922, 4975, 4979, 5059, 5467, 5664, 5679, 5842, 6048, 6081, 6694, 6750, 7226, 7253, 7965, 8650, 8844, 9372, 9485, 9707, 10257, 10414, 10500, 11380, 11381, 12486, 12552, 12728, 12880, 13001, 13223]
[482, 1337, 1812, 1949, 2552, 3470, 3600, 4265, 5167, 5600, 5773, 5947, 9483, 9504, 9635, 9735, 9765, 9833, 9949, 10021, 10193, 10320, 10399, 10474, 10610, 10617, 10910, 10974, 11281, 11708, 11800, 12169, 12237, 12456, 12887, 12924, 12925, 13135]
[428, 3077, 3245, 3851, 5216, 6460, 7033, 8004, 8954, 9047, 9125, 9126, 9135, 9136]
[44, 2084, 2580, 2597, 9419, 9537, 9578, 9598, 9830, 9834, 10166, 10427, 10585, 10769, 11132, 11310, 11321, 11397, 11749, 11751, 11783, 11796, 11936, 12067, 12158, 12595, 12817, 12881, 12938, 12967, 13014, 13067, 13147]
[78, 185, 312, 371, 387, 441, 541, 724, 749, 878, 949, 1198, 1214, 1223, 1375, 1443, 1483, 1540, 1566, 1656, 1761, 2509, 2608, 2612, 2621, 2656, 2799, 2808, 3017, 3349, 3402, 3867, 3902, 4100, 4111, 4114, 4225, 4276, 4306, 4326, 4477, 4939, 5121, 5381, 5609, 5615, 5674, 5690, 5925, 6283, 6358, 6700, 6934, 6977, 6978, 6992, 7184, 7259, 7458, 7562, 7628, 7663, 7664, 7763, 8081, 8126, 8315, 8385, 8572, 8588, 9023, 9224, 9308, 9348, 9418, 9433, 9681, 9780, 9807, 9947, 9952, 10010, 10153, 10250, 10373, 10761, 10803, 10951, 11184, 11223, 11306, 11343, 11496, 11603, 11610, 11613, 11614, 11886, 12331, 12580, 12753, 12793, 13021, 13221]
[377, 596, 1292, 1352, 2032, 2117, 2563, 2712, 2905, 3744, 3986, 4310, 4794, 5597, 5981, 6208, 6773, 7768, 8083, 8084, 8511, 9183, 9431, 9571, 9882, 10167, 10273, 10280, 10430, 10742, 10824, 10826, 10905, 10909, 10935, 10988, 11111, 11121, 11141, 11331, 11612, 11622, 11880, 11882, 11883, 11990, 12038, 12059, 12536, 12688, 12840, 12842, 12846, 12863, 12884, 12904, 12946, 13167, 13185]
[898, 962, 1795, 4222, 4472, 4501, 4982, 5307, 6042, 6345, 6383, 8639, 8861, 11487, 11841, 12232, 12404, 12722, 12785]
[137, 169, 173, 176, 248, 703, 705, 939, 1047, 1159, 1241, 1453, 1457, 1518, 1526, 1537, 1558, 1571, 1584, 1662, 1680, 1922, 1983, 2010, 2091, 2109, 2174, 2301, 2368, 2374, 2375, 2383, 2388, 2391, 2392, 2394, 2434, 2467, 2704, 2782, 2805, 2893, 3018, 3040, 3203, 3229, 3260, 3295, 3391, 3510, 3518, 3542, 3550, 3613, 3614, 3635, 3705, 3708, 3724, 3733, 3737, 3738, 3919, 4006, 4018, 4069, 4077, 4097, 4214, 4258, 4295, 4459, 4611, 4738, 4760, 4801, 4833, 4883, 4915, 5063, 5064, 5068, 5085, 5151, 5177, 5311, 5312, 5614, 5701, 5879, 5953, 5995, 6008, 6034, 6389, 6419, 6508, 7115, 7653, 8048, 8275, 8390, 8869, 9512, 10049, 10152, 10223, 10388, 10734, 11162, 11246, 11500, 11568, 11626, 11692, 12014, 12137, 12211, 12236, 12429, 12558, 12573, 12721, 12786, 12930, 13144, 13151, 13170]
[140, 255, 280, 287, 290, 291, 303, 309, 413, 559, 712, 820, 1386, 1481, 1577, 1913, 2662, 3047, 3050, 3182, 3489, 4055, 4065, 4807, 5211, 5429, 5456, 5548, 6382, 6522, 6532, 7880, 8023, 8100, 8103, 8860, 9027, 9864, 10426, 12368]
[9389, 10480, 10481, 10728, 10794, 10813, 10827, 10838, 10839, 10840, 10843, 10850, 10853, 10866, 10869, 10870, 10875, 10883, 10887]
[574, 1463, 2439, 3096, 3131, 4722, 4871, 4916, 9599, 10292, 10295, 10299, 10303, 12066, 12117, 12545, 12553, 12587, 12973]
[6063, 6482, 8459, 8982]
[1009, 4057, 6075, 6096, 6221, 6293, 6420, 6430, 6711, 6774, 6982, 7005, 7234, 7531, 7535, 7576, 7582, 7595, 7635, 7672, 7687, 7771, 7968, 7982, 7999, 8013, 8054, 8088, 8104, 8160, 8167, 8293, 8427, 8471, 8489, 8523, 8581, 8761, 8873, 8888, 8907, 8911, 8923, 8986, 9109, 9127, 9128, 9184, 9296, 9299]
[6181, 6623, 6884, 6899, 7198, 7387, 7503, 7901, 8258, 8723, 8818]
[3309, 5268, 5753, 5904, 6001, 6168, 6240, 6433, 6645, 6785, 7229, 7318, 7404, 8371, 8500, 8540, 8662, 8680, 8682, 8684, 8698, 8703, 8704, 8706, 8715, 8926, 9039, 9195, 10438]
[123, 366, 730, 774, 887, 1053, 1058, 1544, 1766, 1797, 1861, 2233, 2613, 2887, 2962, 3221, 3228, 3623, 3656, 3715, 3739, 4000, 4054, 4255, 4312, 4346, 4430, 4943, 5248, 5270, 5612, 5698, 5974, 6777, 6898, 6924, 7623, 7827, 9232, 9248, 9874, 10267, 10268, 10398, 10699, 10784, 10835, 11547, 11555, 11909, 11932, 12138, 12200, 13152]
[55, 249, 269, 319, 449, 454, 459, 481, 729, 856, 931, 1360, 1367, 1551, 1687, 1845, 1881, 1976, 1977, 2237, 2296, 2310, 2351, 2381, 2453, 2525, 2541, 2551, 2594, 2870, 2890, 3186, 3493, 3786, 4089, 4180, 4275, 4724, 4740, 4953, 5427, 6060, 6154, 6194, 6550, 6557, 6600, 6722, 6911, 7018, 7062, 7080, 7157, 7326, 7439, 7609, 7704, 7821, 7834, 7854, 7921, 7991, 8094, 8119, 8134, 8141, 8347, 8424, 8678, 8765, 8779, 8804, 9149, 9150, 9237, 9495, 9889, 10345, 10634, 10738, 11078, 11698, 12270, 12707, 13003, 13004, 13206]
[600, 665, 808, 1243, 2194, 2386, 2957, 2964, 3475, 3638, 3831, 5373, 6071, 6424, 6539, 6647, 6650, 6779, 7891, 8242, 8467, 11515, 12243]
[54, 98, 436, 804, 843, 847, 1099, 1145, 1282, 1308, 1350, 1628, 1633, 1655, 1760, 2101, 2191, 2538, 3383, 3399, 3458, 3467, 3653, 4137, 4159, 4266, 4268, 4320, 4400, 4544, 4547, 4666, 4799, 4857, 4992, 5109, 5145, 5515, 5633, 5647, 5734, 5745, 5969, 6023, 6373, 6387, 6741, 6971, 7477, 7478, 8279, 8429, 8439, 8851, 8866, 9043, 9297, 9359, 9371, 9583, 9687, 9856, 9879, 9970, 10146, 10169, 10219, 10220, 10703, 10716, 10721, 10751, 10781, 10955, 10977, 11032, 11053, 11189, 11259, 11292, 11504, 11544, 11572, 11720, 11799, 11809, 11890, 11956, 11979, 12064, 12070, 12074, 12202, 12269, 12530, 12557, 12773, 12807, 13025, 13033, 13048, 13055, 13083, 13084, 13121, 13139]
[187, 383, 603, 706, 750, 816, 918, 1123, 1136, 1165, 1167, 1206, 1343, 1830, 1831, 2122, 2399, 2403, 2738, 2793, 3016, 3314, 3428, 3452, 3663, 3846, 4609, 4971, 5219, 5689, 5769, 5841, 5843, 5892, 5962, 6094, 6107, 6241, 6258, 6518, 6696, 6698, 7060, 8387, 8912, 9225, 9486, 9600, 9935, 9951, 9966, 10136, 10262, 11445, 11854, 11947, 12080, 12808, 12919, 12920, 13080, 13198]
[235, 2888, 3305, 3612, 3641, 3828, 3996, 5163, 8833, 10173, 10493, 10543, 13044]
[9310, 9319, 9322, 9325, 9332, 9354, 9356, 9361, 9366, 9443, 9452, 9453, 9458, 9462, 9470, 9489, 9496, 9515, 9516, 9527, 9533, 9536, 9542, 9565, 9584, 9591, 9592, 9638, 9641, 9654, 9665, 9671, 9684, 9686, 9701, 9709, 9744, 9747, 9759, 9764, 9772, 9808, 9825, 9893, 9915, 9916, 9927, 9940, 9954, 9971, 9976, 9977, 9989, 9994, 10029, 10044, 10052, 10060, 10063, 10066, 10109, 10115, 10116, 10127, 10155, 10184, 10187, 10222, 10243, 10254, 10258, 10266, 10274, 10276, 10311, 10333, 10348, 10349, 10357, 10372, 10403, 10440, 10452, 10470, 10475, 10477, 10495, 10497, 10503, 10514, 10517, 10525, 10540, 10567, 10592, 10596, 10599, 10603, 10605, 10635, 10663, 10668, 10677, 10680, 10707, 10741, 10744, 10746, 10747, 10754, 10768, 10812, 10832, 10837, 10848, 10872, 10961, 11051, 11076, 11094, 11097, 11136, 11138, 11144, 11146, 11188, 11217, 11238, 11242, 11245, 11255, 11264, 11273, 11297, 11317, 11323, 11347, 11349, 11376, 11377, 11382, 11452, 11460, 11467, 11477, 11498, 11565, 11711, 11759, 11795, 11827, 11830, 11831, 11838, 11875, 11898, 11903, 11907, 11952, 11954, 11957, 11980, 12001, 12010, 12026, 12073, 12100, 12161, 12173, 12175, 12186, 12194, 12209, 12210, 12224, 12226, 12228, 12235, 12244, 12279, 12285, 12288, 12289, 12304, 12316, 12317, 12321, 12377, 12435, 12467, 12502, 12509, 12512, 12521, 12523, 12543, 12565, 12575, 12576, 12615, 12627, 12638, 12669, 12683, 12696, 12750, 12795, 12804, 12852, 12855, 12856, 12870, 12872, 12890, 12909, 12926, 12964, 12986, 13016, 13020, 13027, 13114, 13129, 13143, 13202, 13205, 13228]
[6182, 6624, 6886, 7199, 7389, 7505, 7904, 8261, 8724, 8819]
[84, 349, 367, 444, 587, 744, 807, 834, 1008, 1209, 1839, 2022, 2059, 2461, 3184, 3211, 3750, 3916, 4067, 4217, 4271, 4385, 4591, 4842, 4855, 4882, 4900, 5103, 5165, 5321, 5506, 5570, 5834, 5909, 5930, 5977, 6057, 6233, 6269, 6340, 6489, 6502, 6667, 6790, 6810, 7059, 7263, 7472, 7530, 7642, 7676, 7717, 7971, 8176, 8182, 8325, 8361, 8436, 8534, 8836, 9002, 9015, 9073, 9074, 9145, 9146, 9201, 9329, 9432, 9566, 9710, 10032, 10810, 11461, 11634, 11853, 11859, 12056, 12221, 13066]
[191, 206, 1853, 1867, 2653, 3557, 3791, 4440, 6490, 6664, 7016, 8136, 8193, 8389, 9068, 9069, 9343, 10251, 10457, 10563, 11394, 11616, 11914, 12945]
[19, 38, 67, 806, 1084, 1086, 1434, 1438, 1480, 1511, 1900, 3247, 3248, 3720, 4449, 5341, 5527, 6091, 6222, 6349, 6380, 6411, 6414, 6463, 6479, 6574, 6594, 6609, 6946, 7180, 7431, 7512, 7849, 7924, 7962, 8138, 8146, 8178, 8300, 8336, 8358, 8363, 8454, 8458, 8524, 8809, 8858, 8899, 8903, 8958, 8979, 9241, 9270, 9274, 9386, 10877, 11322]
[1917, 3209, 3379, 4213, 5957, 6351, 6710, 7406, 8644, 10443, 10444, 10450, 11056, 11096, 11237, 11296, 11303, 11441, 11536, 12046, 12098, 12099, 12103, 12104, 12704, 12797, 12934, 13191]
[844, 4064, 5120, 9390, 9968, 10789, 10985, 11387, 11399, 12018, 12078, 12223, 12274, 12906]
[2124, 2235, 5725, 6791, 6909, 8062, 8614, 9236, 13005]
[265, 362, 388, 422, 483, 508, 526, 560, 731, 788, 793, 1037, 1119, 1127, 1147, 1191, 1194, 1225, 1265, 1489, 1572, 1622, 1692, 1720, 1740, 1794, 1902, 1971, 2006, 2030, 2041, 2108, 2114, 2121, 2136, 2178, 2189, 2378, 2415, 2426, 2683, 2711, 2868, 2871, 2981, 3025, 3080, 3090, 3246, 3256, 3350, 3351, 3539, 3565, 3639, 3664, 3818, 3879, 3946, 3969, 4004, 4012, 4021, 4104, 4115, 4171, 4200, 4212, 4279, 4280, 4289, 4318, 4386, 4391, 4408, 4411, 4419, 4439, 4487, 4502, 4503, 4508, 4541, 4610, 4622, 4657, 4679, 4685, 4690, 4707, 4716, 4744, 4745, 4761, 4763, 4784, 4797, 4806, 4841, 4876, 4888, 4912, 4955, 4967, 5018, 5037, 5046, 5053, 5080, 5088, 5125, 5133, 5153, 5192, 5225, 5267, 5291, 5316, 5317, 5323, 5328, 5333, 5346, 5347, 5368, 5377, 5391, 5422, 5435, 5436, 5484, 5539, 5542, 5560, 5604, 5611, 5645, 5713, 5715, 5774, 5777, 5783, 5832, 5835, 5863, 5871, 5877, 5886, 5890, 5897, 5914, 5965, 6003, 6012, 6018, 6299, 6343, 6497, 6936, 6951, 6981, 6994, 7031, 7272, 7510, 7563, 7718, 7723, 7758, 7764, 7795, 7840, 7936, 7966, 7972, 8280, 8409, 8443, 8587, 8637, 8668, 8966, 8997, 9033, 9511, 9877, 10080, 10915, 11941, 12559]
[76, 263, 278, 292, 294, 295, 299, 302, 305, 448, 577, 742, 1531, 2068, 2225, 2458, 2511, 2617, 2769, 3011, 3107, 3136, 4474, 4808, 4891, 5030, 5034, 5162, 5207, 5533, 5635, 5788, 5948, 5993, 6259, 6680, 9417, 9676, 9757, 10005, 10346, 10356, 10368, 10384, 10834, 10931, 11034, 11100, 11344, 11851, 12123, 12979]
[82, 96, 113, 116, 126, 368, 790, 800, 823, 836, 857, 940, 1112, 1331, 2016, 2019, 4456, 4485, 4499, 4554, 4701, 4757, 4858, 4862, 4889, 4910, 4924, 4925, 4930, 4951, 4972, 4994, 4995, 5004, 5014, 5021, 5040, 5057, 5058, 5075, 5126, 5157, 5173, 5240, 5250, 5284, 5302, 5371, 5466, 9447, 9526, 9717, 9752, 9813, 11514, 12136, 12273, 13018, 13158, 13174, 13189]
[1218, 1532, 2804, 4332, 4774, 4811, 5966, 6325, 6476, 8947, 8976, 9117, 9118, 9555, 9967, 9972, 9987, 9988, 10463, 10552, 10581, 10588, 10591, 10606, 10609, 10618, 10624, 10626, 10627, 10657, 10815, 11602, 11653, 11808, 11987]
[46, 47, 57, 375, 406, 798, 924, 1140, 1338, 1476, 1501, 1639, 1727, 2044, 2103, 2299, 2342, 2376, 2447, 2746, 2899, 3224, 3373, 3449, 3881, 3926, 4105, 4234, 4438, 4488, 4516, 4534, 4704, 4730, 4881, 5048, 5176, 5831, 5960, 6331, 6388, 6418, 6423, 6449, 6481, 6559, 6757, 6789, 6985, 7038, 7110, 7233, 7237, 7292, 7309, 7358, 7366, 7428, 7532, 7799, 7818, 7899, 7997, 8049, 8052, 8091, 8169, 8246, 8348, 8400, 8417, 8453, 8528, 8566, 8613, 8625, 8867, 8909, 8916, 8941, 8981, 9174, 9199, 10230, 10385, 10393, 10419, 10816, 10963, 11025, 11210, 11664, 12132, 12287, 13149]
[130, 923, 1306, 1417, 2262, 2556, 2584, 3262, 3742, 3858, 4390, 5243, 5555, 5585, 5685, 7954, 9838, 10042, 10043, 10208, 10245, 10247, 10394, 11041, 11274, 11593, 11892, 12041, 12075, 12328, 12335, 12814]
[2230, 6352, 6404, 7023, 7277, 8273, 8645, 8886, 9095]
[1211, 1304, 1702, 1749, 1750, 1782, 1783, 2408, 3378, 3606, 3640, 3711, 3717, 3721, 3748, 3752, 3758, 3771, 3772, 3774, 3777, 3779, 3788, 3789, 3790, 3797, 3798, 3802, 3822, 3829, 3834, 4227, 4717, 4847, 5469, 5508, 5709, 5754, 6440, 7260, 8933, 9344, 9347, 9427, 9442, 9481, 11991, 12603]
[104, 139, 1927, 2144, 2207, 2307, 2470, 2725, 2862, 2942, 3063, 3288, 3681, 3741, 3966, 4152, 4546, 4754, 4800, 5044, 5090, 5128, 5251, 5260, 5359, 5928, 5934, 6260, 7114, 7541, 8034, 8366, 9544, 9668, 9711, 9714, 9734, 9739, 9758, 9985, 10061, 10065, 10228, 10911, 10998, 11215, 11463, 11476, 11485, 11505, 11638, 12002, 12214, 12371, 12853, 12991, 13000, 13168]
[1556, 2544, 2623, 2634, 3702, 4838, 5204, 5397, 5514, 5602, 5605, 6230, 7578, 7822, 8108, 8312, 8531, 8533, 10358, 10637, 11148, 11272, 11368, 11501, 11532, 11968, 12430, 12591, 12682, 12803]
[252, 618, 2171, 3031, 3755, 4080, 4323, 4627, 5853, 5997, 6474, 6509, 6692, 7069, 7249, 7455, 8648, 9009, 11597, 11768, 12048, 12529]
[24, 626, 1271, 1445, 1838, 1852, 1880, 2185, 2261, 2324, 2463, 2610, 2639, 2647, 3574, 3734, 4577, 4977, 5050, 5056, 5221, 5590, 5675, 5827, 6028, 6117, 6591, 7294, 8269, 8562, 10181, 11301, 11705, 12533, 12654, 12671, 12828]
[6957, 6997, 7724, 8382, 9280]
[165, 268, 641, 642, 830, 835, 1261, 1705, 1737, 1901, 2268, 2323, 2455, 2719, 2926, 2978, 3052, 3059, 3121, 3134, 3337, 3520, 3521, 3573, 3581, 3974, 4122, 4198, 4239, 4254, 4273, 4734, 4741, 4770, 4812, 4849, 4890, 5062, 5098, 5649, 5706, 5716, 5918, 5984, 5991, 6002, 6036, 7007, 7975, 9304, 9339, 9363, 9525, 9532, 9586, 10182, 10190, 10198, 10285, 10689, 11067, 11147, 11153, 11157, 11158, 11205, 11410, 11412, 11852, 11868, 11876, 12055, 12106, 12108, 12129, 12733, 12738, 12761, 12794, 12798, 12975, 13116]
[1146, 1943, 2377, 3312, 5503, 5678, 6263, 6276, 6470, 6709, 7021, 7075, 7079, 7094, 7103, 7113, 7166, 7236, 7293, 7423, 7580, 7646, 7797, 7808, 8000, 8012, 8038, 8124, 8189, 8297, 8345, 8378, 8554, 8565, 8991, 9123, 9124]
[6350, 6749, 7216, 7591, 7596, 7683, 7745, 7761, 8296, 8319, 8446, 8643, 9170]
[752, 833, 916, 1056, 1756, 1800, 2290, 2560, 3045, 3533, 3586, 3592, 3594, 3775, 4141, 4272, 4564, 4613, 4639, 4844, 4879, 5252, 5513, 5898, 5970, 6281, 6313, 6398, 6447, 6491, 6506, 6641, 6658, 6678, 6702, 6901, 6927, 6975, 7004, 7009, 7027, 7257, 7267, 7330, 7332, 7333, 7337, 7342, 7344, 7347, 7349, 7350, 7354, 7355, 7356, 7357, 7360, 7363, 7364, 7365, 7367, 7373, 7374, 7378, 7386, 7391, 7397, 7402, 7408, 7414, 7448, 7451, 7769, 7788, 8393, 8570, 8603, 8904, 9012, 9029, 9245, 9251, 9651, 9778, 9943, 10619, 10620, 10842, 11179, 11438, 11443, 11666, 12259, 12420, 12437, 12549, 12672, 12866]
[102, 947, 1216, 1459, 1738, 2093, 2116, 2645, 3000, 3170, 3478, 3637, 3952, 3976, 4183, 4321, 4453, 4468, 4494, 4515, 4551, 4594, 4630, 4642, 4663, 4728, 4780, 4875, 5082, 5104, 5148, 5349, 5408, 5487, 5562, 6095, 6099, 6114, 6147, 6148, 6155, 6186, 6191, 6202, 6204, 6209, 6235, 6245, 6317, 6360, 6397, 6408, 6562, 6582, 7057, 7132, 7133, 7182, 7206, 7207, 7215, 7219, 7223, 7251, 7270, 7273, 7322, 7581, 8318, 8356, 8391, 8893, 9303, 9364, 10206, 10302, 10483, 10952, 11095, 11302, 11341, 11490, 11595, 11615, 11644, 11743, 11951, 12121, 12150, 12754, 12811, 13049]
[2504, 2910, 3283, 4062, 4397, 4892, 5255, 5530, 5752, 5782, 5961, 5999, 6017, 6160, 7540, 8112, 8252, 9456, 11112, 11260, 11356, 12762, 12830]
[2, 13, 36, 163, 326, 418, 1063, 1064, 1547, 1588, 1743, 1928, 2192, 2244, 2339, 2766, 3241, 3393, 3915, 4341, 4431, 4497, 4519, 4558, 4572, 4634, 4670, 4720, 4768, 4815, 5374, 5399, 5432, 5566, 5596, 5668, 5697, 5905, 5924, 6062, 6156, 6248, 6265, 6270, 6309, 6363, 6410, 6524, 6552, 6570, 6713, 6714, 6823, 6825, 6837, 6874, 6877, 6880, 6882, 6962, 7012, 7051, 7112, 7222, 7281, 7295, 7339, 7345, 7419, 7430, 7526, 7545, 7554, 7571, 7689, 7708, 7744, 7746, 7812, 7940, 7963, 7969, 8042, 8159, 8244, 8245, 8416, 8425, 8435, 8546, 8559, 8597, 8647, 8740, 8754, 8756, 8792, 8828, 8895, 8928, 9131, 9132, 9133, 9134, 9189, 9282, 9286, 9382, 9575, 9903, 10172, 11577, 11723, 11733, 12491, 12511]
[353, 519, 1046, 1076, 4264, 4381, 4414, 4433, 4621, 4638, 4688, 5009, 5330, 5360, 5858, 9349, 9705, 9843, 10218, 10763, 10979, 11010, 11475, 11842, 11924, 11963, 11974]
[9, 801, 1492, 1557, 1718, 1775, 1898, 2076, 2907, 3009, 3474, 3544, 3546, 3559, 3686, 4047, 4379, 4792, 4863, 4884, 4936, 5279, 5657, 5963, 6032, 6151, 6395, 7140, 7146, 7325, 8061, 8874, 9019, 9457, 9480, 9523, 9628, 9634, 9999, 10001, 10058, 10077, 10111, 10283, 10574, 10575, 10731, 10770, 11181, 11295, 11366, 11846, 12227, 12249, 12253, 12261, 12271, 12336, 12416, 12541, 12741, 12759, 12805]
[2816, 2817, 2818, 2819, 2820, 2821, 2822]
[420, 2533, 3661, 3985, 5178, 9326, 9338, 9574, 10176, 10527, 10735, 10782, 10830, 11086, 11525, 11726, 11730, 11752, 11888, 11894, 12142, 12296, 12816, 12989]
[313, 394, 636, 652, 663, 695, 767, 1071, 1157, 1189, 1231, 1441, 1755, 1757, 1770, 1844, 1955, 2049, 2140, 2360, 2723, 2732, 2884, 3166, 3303, 3498, 3519, 6278, 6514, 6920, 7533, 7589, 7673, 7680, 8028, 8114, 8287, 8422, 8491, 8567, 8817, 9175, 9242, 11950, 12752]
[4022, 6302, 6444, 7611, 8590, 8937, 10175, 11169]
[575, 595, 4078, 4124, 4169, 4207, 4367, 4405, 4530, 4692, 4731, 4895, 5276, 5383, 5400, 5624, 5666, 5786, 5799, 5833, 5859, 5881, 5882, 5958, 6045, 9357, 9501, 10012, 10041, 10064, 10126, 10318, 10407, 10662, 10697, 10737, 10849, 10851, 10924, 11075, 11108, 11116, 11488, 11521]
[607, 791, 895, 1001, 1031, 1079, 1134, 1212, 1215, 1317, 2088, 2150, 2334, 2445, 2522, 2685, 2886, 3076, 3250, 3266, 3289, 3348, 3403, 3964, 4215, 4402, 4435, 4628, 4952, 4973, 5197, 6637, 6780, 7616, 7782, 7981, 8019, 9034, 9190, 9250, 10476, 10967, 11216, 12033]
[6083, 6236, 6355, 7010, 7055, 7319, 7321, 7767, 8480, 8536, 8677]
[604, 720, 1370, 1490, 2002, 2087, 2177, 2495, 2496, 2523, 2702, 3192, 3499, 3534, 3740, 3810, 3812, 3874, 3889, 4220, 4221, 4473, 4616, 4869, 4873, 4886, 4914, 4957, 5039, 5061, 5358, 6076, 6087, 6196, 6219, 6262, 6326, 6333, 6439, 6443, 6478, 6691, 6712, 6983, 6993, 7049, 7230, 7238, 7246, 7288, 7586, 7600, 7641, 7738, 7783, 7814, 7938, 8060, 8068, 8070, 8127, 8292, 8399, 8441, 8448, 8472, 8483, 8503, 8521, 8553, 8619, 8627, 8783, 8936, 8978, 9093, 9094, 9321, 9745, 10294, 10305, 10312, 10383, 11202, 11415, 12072, 12315, 12770]
[492, 493, 494, 495, 496, 498, 500, 504, 505, 507, 1945, 2129, 2894, 2977, 3968, 4538, 4752, 4942, 5154, 5638, 5973, 6059, 6093, 6239, 6421, 6465, 6683, 6961, 7032, 7188, 7245, 7411, 7440, 7759, 7789, 7926, 8101, 8326, 8411, 8488, 8887, 8914, 8961, 9089, 9090, 9285, 9530, 10523, 10652, 10841, 10904, 10965, 11690, 11872, 12217, 12701, 12882, 12931, 13142]
[148, 150, 168, 385, 581, 748, 1458, 2120, 2281, 2419, 2499, 3690, 4045, 4102, 4813, 4965, 4993, 5217, 5303, 5711, 9317, 9561, 9582, 10072, 10233, 10363, 10478, 10616, 10631, 10639, 10819, 10903, 10973, 11022, 11081, 11201, 11275, 11351, 11900, 13051, 13120, 13164]
[23, 29, 739, 885, 892, 1232, 1311, 1763, 1779, 2028, 2166, 2246, 2484, 2492, 2637, 2697, 2779, 2780, 2918, 3321, 3477, 3504, 3530, 3669, 3917, 4339, 4523, 4529, 4631, 4632, 4641, 4680, 5129, 5512, 5921, 7935, 9050, 9570, 9602, 10089, 10133, 10425, 10528, 10650, 10711, 10873, 11059, 11060, 11088, 11145, 11512, 11675, 12049, 12324, 12423, 12829, 12873, 12898, 13184]
[64, 354, 393, 694, 815, 1487, 1495, 1709, 2398, 2479, 2491, 2630, 2678, 3316, 3374, 3615, 3683, 3842, 4186, 4749, 5486, 5721, 5951, 6016, 6119, 6371, 6406, 6472, 6477, 6656, 6676, 6708, 6739, 6782, 7099, 7137, 7139, 7141, 7174, 7243, 7471, 7553, 7621, 7688, 7732, 7741, 7777, 7959, 7993, 8010, 8096, 8745, 8773, 8786, 8793, 8800, 8849, 8891, 8910, 8977, 9055, 9100, 9121, 9122, 9129, 9130, 9165, 9192, 10259, 10732, 11291, 11374, 11448, 11629, 13214]
[370, 476, 477, 506, 550, 594, 656, 714, 872, 1120, 1227, 1433, 1474, 1570, 1772, 1821, 1940, 1950, 2026, 2452, 2726, 2875, 3071, 3210, 4002, 4187, 4209, 4839, 5060, 5288, 6203, 6315, 6677, 6693, 6723, 7034, 7054, 7158, 7299, 7412, 7426, 7548, 7588, 7702, 7773, 7830, 7839, 8039, 8055, 8307, 8368, 8430, 8507, 8605, 8611, 8796, 8799, 8801, 8808, 8810, 8913, 9083, 9084, 9096, 9097, 9151]
[5543, 6212, 6274, 7934, 8151, 8514, 8563]
[194, 427, 611, 615, 912, 919, 1022, 1082, 1095, 1104, 1124, 1172, 1203, 1383, 1384, 1400, 1418, 1717, 1827, 1871, 1897, 2017, 2047, 2100, 2839, 3067, 3095, 3152, 3167, 3236, 3238, 3258, 3293, 3437, 3454, 3552, 3662, 3697, 3703, 3760, 3850, 3939, 3953, 4033, 4338, 4342, 4446, 4458, 4524, 5130, 5286, 5559, 5598, 5864, 5949, 6010, 6066, 6215, 6264, 6284, 6322, 6379, 6435, 6569, 6596, 6619, 6640, 6775, 6830, 6835, 6836, 6838, 6868, 6940, 6943, 6956, 7024, 7028, 7183, 7193, 7313, 7315, 7520, 7537, 7543, 7558, 7637, 7645, 7682, 7727, 7750, 7756, 8022, 8046, 8175, 8247, 8355, 8357, 8426, 8462, 8517, 8555, 8573, 8616, 8642, 8675, 8681, 8729, 8771, 8857, 8929, 9000, 9032, 9035, 9185, 9205, 9265, 9267, 9279, 9365, 9557, 11134, 11784, 11889, 12370, 12515, 12517, 12623, 13022, 13131]
[741, 5809]
[91, 356, 2134, 2483, 3019, 3022, 3112, 3114, 3384, 3930, 3979, 4164, 4194, 4196, 4285, 4317, 4384, 4387, 4445, 4548, 4582, 4601, 4606, 4624, 4764, 5139, 5152, 5289, 5329, 5348, 5428, 5798, 5996, 6500, 6513, 7102, 7340, 7341, 7381, 8144, 8186, 8598, 10148, 10344, 10612, 10628, 11554, 12178, 13105]
[5, 27, 283, 317, 614, 631, 1251, 2382, 3220, 3497, 3503, 3803, 4237, 4251, 4403, 4465, 4721, 4816, 4896, 5488, 5511, 5524, 5529, 5855, 5937, 6272, 6412, 6520, 6756, 6759, 6768, 6964, 7084, 7516, 7803, 9022, 9221, 9288, 9331, 9614, 9639, 9650, 9659, 9685, 9819, 9822, 10215, 10413, 10544, 10568, 10702, 10743, 10765, 10891, 10986, 11055, 11083, 11109, 11186, 11232, 11267, 11413, 11605, 11719, 11737, 11797, 11930, 12630, 12875, 12947, 12952, 12965, 13079]
[2223, 4684, 4920, 6011, 8153, 9937, 10211, 10212, 10227, 10278, 10608, 10772, 10775, 11492, 11639, 11710, 11823, 12195, 12196, 12935]
[902, 1574, 2540, 3108, 4590, 4781, 5462, 5502, 6072, 6220, 6237, 6280, 6377, 6467, 6485, 6492, 6674, 6719, 6744, 6767, 6808, 6814, 6860, 6987, 7085, 7088, 7092, 7121, 7225, 7522, 7538, 7691, 7736, 7749, 7752, 7806, 8058, 8063, 8111, 8188, 8250, 8468, 8522, 8537, 8569, 8670, 8855, 8985, 8992, 9143, 9144, 9166, 9180, 9218, 11199, 12472, 12910]
[6446, 6452, 6859, 6945, 7078, 7307, 7323, 7961, 7973, 7980, 8025, 8074, 8085, 8125, 8939, 8945, 9269, 11266, 11269]
[31, 42, 136, 239, 645, 821, 1201, 1818, 1820, 2133, 2373, 5345, 5520, 6217, 6337, 6391, 6425, 6454, 6735, 6842, 6966, 7047, 7106, 7284, 7405, 7697, 7705, 7706, 7802, 7811, 7826, 7932, 8076, 8120, 8288, 8401, 8519, 8547, 8632, 8803, 8815, 8870, 8918, 8950, 9077, 9078, 9162, 9292]
[1336, 1403, 1517, 1549, 1583, 2000, 2080, 2081, 2196, 2903, 3154, 3339, 3417, 4056, 5846, 6571, 6839, 7658, 7677, 7679, 7784, 8099, 8408, 8479, 8649, 8927]
[329, 861, 880, 1283, 1325, 1707, 1834, 1836, 2338, 2658, 2693, 2948, 3015, 3053, 3135, 3156, 3621, 3856, 3980, 4001, 4165, 4195, 4373, 4394, 4404, 4444, 4483, 4500, 4545, 4726, 4767, 4868, 4872, 5023, 5027, 5073, 5074, 5079, 5092, 5107, 5110, 5143, 5205, 5320, 5322, 5332, 5417, 5425, 5431, 5457, 5477, 5670, 5672, 5703, 5794, 5795, 5862, 5885, 5894, 6290, 7549, 10421, 10767, 10771, 11326, 11549, 11917, 11925, 11926, 11988, 12044, 12362, 13160]
[87, 115, 509, 1255, 1482, 1485, 1672, 1859, 2316, 2380, 2615, 3198, 3620, 3905, 4101, 4232, 4263, 4527, 4682, 4789, 5313, 5492, 5667, 5778, 9446, 9664, 10252, 10806, 11975, 12090]
[1451, 1889, 2536, 2548, 2845, 3448, 3570, 3927, 4032, 5404, 5723, 6297, 6301, 6341, 6342, 6405, 6438, 6458, 6473, 6511, 6549, 6928, 6948, 7040, 7213, 7220, 7291, 7403, 7615, 7634, 7647, 7710, 7915, 7946, 7953, 8045, 8147, 8150, 8173, 8353, 8418, 8433, 8585, 8589, 8635, 8636, 8763, 8889, 8892, 8932, 8952, 8972, 9010, 9202, 9253, 9261, 9272, 9964, 10374, 10434]
[35, 219, 335, 347, 457, 717, 734, 802, 1011, 1195, 1204, 1219, 1226, 1330, 1410, 1703, 1741, 2086, 2306, 2428, 2588, 2877, 2904, 2940, 3042, 3072, 3430, 3568, 3645, 3672, 3908, 4016, 4604, 5588, 5592, 6044, 6112, 6184, 6495, 6526, 6577, 6598, 6625, 6626, 6628, 6655, 6685, 7150, 7160, 7384, 7902, 7905, 8260, 8267, 8274, 8717, 9400, 9805, 11767]
[666, 1699, 2083, 3352, 3651, 4715, 6339, 6974, 7244, 7534, 7542, 7598, 7735, 8118, 8634, 10306, 10309, 10508, 10820, 11133, 11855]
[955, 957, 959, 960, 963, 966, 967, 970, 972, 973, 974, 977, 979, 981, 982, 983, 984, 985, 986, 987, 988, 991, 994, 995, 996, 997, 998, 999, 1000, 1002, 1004, 1006, 1010, 1012, 1014, 1017, 1024, 1027, 1028, 1030, 1034, 1036, 1038, 1042, 1045, 1065, 1074]
[826, 1344, 2555, 2591, 2988, 3357, 3603, 3757, 3787, 3963, 4010, 4202, 4356, 4452, 4585, 4629, 4658, 4748, 4765, 5045, 5202, 5290, 5367, 5407, 5416, 5438, 5578, 5610, 5724, 5757, 5759, 5796, 5822, 11031, 11285, 11423, 11440, 11483, 11607, 11623, 11654, 12115, 12426, 12667, 12801, 12858]
[1813, 2210, 3707, 4825, 5687, 5717, 6359, 7256, 9375, 10054, 10132, 10135, 11017, 11474, 11864, 11874, 11879, 11884, 11910, 11966, 12386, 13071, 13104]
[1691, 1776, 6068, 6291, 6651, 8464, 8579, 9048]
[184, 192, 210, 224, 240, 342, 369, 424, 515, 549, 576, 583, 646, 659, 682, 711, 751, 758, 787, 817, 862, 894, 1018, 1019, 1122, 1217, 1249, 1305, 1327, 1346, 1428, 1430, 1486, 1555, 1620, 1744, 1758, 1786, 1846, 1886, 1907, 1978, 2018, 2031, 2164, 2182, 2412, 2420, 2468, 2688, 2743, 2859, 4029, 7882, 9413, 9414, 10487, 10740, 11866, 12006, 12094, 12126]
[151, 253, 419, 510, 1021, 1133, 1135, 2222, 2234, 3805, 3833, 4253, 4640, 7617, 10587, 11760, 13140]
[14, 90, 325, 361, 759, 1089, 1369, 2302, 3817, 4537, 4970, 5244, 5952, 6729, 6734, 7316, 9156, 9161, 9998, 10291, 10416, 10420, 10944, 11065, 11327, 11328, 11329, 11332, 11563, 11754, 12389, 12616, 12940]
[]
