PCA
(13229, 848)
Kmeans
[1.07049573 1.08000411 1.1435189  1.11127053 1.09447326 1.13645136
 1.12251791 1.13985402 1.02188027 1.16933329 1.14431433 0.96870558
 1.09635224 1.05618396 1.10565069 1.1218021  1.12744941 1.13549665
 1.12359613 1.06926981 1.09497735 1.11865683 1.36761488 1.17744519
 1.23169505 1.10205405 1.12300461 1.10628515 1.16372365 1.10389248
 1.08388726 1.06553916 1.12444655 1.07833249 1.12128414 1.12981099
 1.11813801 1.11469871 1.11832729 1.11347274 1.13106258 1.16310152
 1.13218335 1.05593107 1.11817558 1.16274311 1.1857927  1.0958731
 1.09182162 1.15803003 1.11810996 1.12319337 1.14397281 1.39382785
 1.12750831 1.15887962 1.10374281 1.1207677  1.09569143 1.15068073
 1.08426765 1.12824468 1.12556606 1.15272977 1.13409305 1.12484366
 1.39394424 1.08640577 1.10329542 1.12124801 1.30172675 1.07472285
 1.09344779 1.10308377 1.16711156 1.30937746 1.12864554 1.1753805
 1.17268162 1.13364383 1.16247939 1.18567838 1.15438727 1.14156922
 1.1720283  1.11898041 1.08627649 1.15999246 1.06901203 1.10720432
 1.10699464 1.0697834  1.1133514  1.08032581 1.2095388  1.11561155
 1.18592576 1.09235396 1.34935939 1.16739787 1.09371439 1.19940686
 1.10416554 1.07767388 1.10115698 1.12919352 1.07693271 1.12075084
 1.10150446 1.13920435 1.17072625 1.08654405 1.07636271 1.17342933
 1.09219778 1.09638701 1.16151206 1.2304974  1.19533673 1.18327084
 1.34595423 1.1180592  1.139865   1.12405509 1.10502224 1.11283216
 1.06348443 1.08431981 0.97067576 1.10341224 1.11943424 1.09735723
 1.12661619 1.14742376 1.16634135 1.07039397 1.07905187 1.21914898
 1.36230753 1.10850989 1.20441587 1.13959895 1.18836896 1.09739647
 1.20116153 1.12848761 1.09918406 1.11773627 1.05965417 1.19065832
 1.16404241 1.18956078 1.12978181 1.36486759 1.06937311 1.3337571
 1.10170776 1.20084732 1.2925663  1.18468803 1.09859823 1.11132626
 1.12256354 1.10399509 1.09743513 0.85741566 1.21500529 1.27158908
 1.12422908 0.95663347 1.22014281 1.08140034 1.10613857 1.15055032
 1.2208653  1.13951187 1.13164565 1.11920012 1.12478565 1.13427256
 1.12250241 1.14666377 1.36988664 1.29295599 1.10169518 1.12362419
 1.15048116 1.13867479 1.07092418 1.38599794 1.38672962 1.10344158
 1.13430132 1.08425372 1.16733539 1.12773768 1.15186289 1.16835805
 1.15147645 1.12484492]
Coeficiente de Silhueta score: 0.07553110551933104
[1216, 1334, 1459, 1738, 2093, 2116, 2543, 2547, 2645, 2811, 3000, 3009, 3170, 3478, 3637, 3952, 4183, 4453, 4494, 4515, 4538, 4551, 4594, 4630, 4663, 4728, 4780, 4875, 5082, 5349, 5408, 5487, 5562, 5687, 5932, 6114, 6202, 6317, 6360, 6397, 6517, 6582, 6802, 7057, 7132, 7133, 7136, 7207, 7219, 7270, 7322, 8318, 8356, 8391, 9364, 10206, 10302, 10483, 10952, 11095, 11302, 11341, 11490, 11595, 11615, 11644, 11743, 12150, 13028, 13049]
[826, 844, 1344, 2591, 2988, 3357, 3603, 3757, 3787, 3963, 4010, 4134, 4202, 4452, 4585, 4629, 4658, 4748, 4765, 5045, 5232, 5290, 5367, 5407, 5416, 5438, 5610, 5724, 5757, 5796, 5822, 5848, 9998, 10586, 11031, 11285, 11423, 11440, 11483, 11607, 11623, 11654, 12115, 12426, 12667, 12674, 12801, 12858]
[76, 263, 278, 291, 292, 294, 295, 299, 302, 448, 577, 721, 742, 896, 901, 915, 1531, 1860, 2068, 2458, 2497, 2511, 2533, 2769, 3011, 3107, 3136, 4474, 4808, 4891, 4966, 5030, 5034, 5162, 5207, 5379, 5533, 5635, 5788, 5948, 5993, 6259, 6680, 6747, 9417, 9551, 9676, 9757, 10005, 10346, 10356, 10368, 10590, 10798, 10799, 10834, 10931, 11034, 11100, 11113, 11609, 11636, 11704, 11851, 11963, 11974, 12891, 12979]
[6318, 6341, 6364, 7041, 7612, 8166, 8609, 8635, 8831, 8841, 8868, 8898, 8943, 8948, 8955, 9040, 9042]
[9302, 9311, 9313, 9505, 9506, 9590, 9803, 9815, 9910, 10022, 10147, 10307, 10332, 10505, 10690, 10700, 10719, 10733, 10978, 10983, 11054, 11152, 11240, 11265, 11300, 11333, 11428, 11531, 11580, 11582, 11606, 11637, 11814, 11818, 11981, 11982, 12000, 12556, 12560, 12643, 12690, 12713, 12812, 12848, 12876, 12889, 12895, 13057, 13157, 13203, 13220]
[326, 1254, 1328, 1547, 1687, 2106, 2142, 2244, 2911, 3010, 3486, 3583, 4292, 4431, 4740, 5830, 5854, 6207, 6216, 6239, 6309, 6671, 6803, 7008, 7012, 7106, 7112, 7222, 7318, 7411, 7571, 7689, 7708, 7896, 7928, 8051, 8278, 8510, 8518, 8597, 9213]
[9310, 9325, 9332, 9350, 9366, 9458, 9599, 9638, 9808, 9952, 9954, 9976, 10052, 10176, 10254, 10266, 10267, 10291, 10295, 10470, 10495, 10503, 10537, 10596, 10677, 10741, 10746, 10812, 10832, 10848, 10961, 11009, 11144, 11242, 11255, 11264, 11273, 11376, 11827, 11889, 11954, 12209, 12279, 12288, 12317, 12435, 12832, 12855, 12870, 12986, 13039, 13205]
[1085, 1103, 1131, 1511, 1601, 1698, 1746, 2186, 3273, 3571, 3847, 5458, 5952, 6120, 6126, 6137, 6145, 6153, 6163, 6181, 6185, 6521, 6523, 6525, 6527, 6528, 6529, 6530, 6531, 6532, 6534, 6535, 6536, 6537, 6538, 6540, 6541, 6542, 6543, 6544, 6545, 6546, 6547, 6548, 6552, 6553, 6558, 6560, 6561, 6562, 6563, 6565, 6566, 6567, 6568, 6571, 6572, 6573, 6574, 6576, 6577, 6578, 6579, 6584, 6585, 6586, 6587, 6590, 6593, 6594, 6597, 6599, 6601, 6602, 6603, 6604, 6605, 6606, 6607, 6608, 6609, 6610, 6614, 6615, 6616, 6617, 6618, 6621, 6623, 6630, 6758, 6765, 6814, 6815, 6816, 6817, 6818, 6820, 6821, 6822, 6824, 6827, 6829, 6833, 6834, 6840, 6841, 6842, 6843, 6844, 6845, 6848, 6849, 6850, 6851, 6852, 6853, 6854, 6855, 6856, 6857, 6860, 6863, 6864, 6865, 6867, 6870, 6872, 6876, 6883, 6887, 6889, 6890, 6892, 6893, 6894, 6896, 6897, 6899, 6904, 6915, 7128, 7129, 7130, 7134, 7137, 7138, 7140, 7141, 7143, 7144, 7145, 7146, 7147, 7148, 7149, 7152, 7153, 7154, 7155, 7156, 7159, 7161, 7162, 7163, 7164, 7165, 7167, 7168, 7169, 7170, 7171, 7172, 7175, 7176, 7180, 7181, 7185, 7186, 7187, 7192, 7196, 7198, 7202, 7204, 7331, 7336, 7361, 7368, 7370, 7371, 7372, 7375, 7376, 7377, 7378, 7379, 7380, 7382, 7383, 7387, 7388, 7390, 7392, 7393, 7394, 7461, 7463, 7465, 7469, 7473, 7475, 7476, 7479, 7480, 7482, 7483, 7485, 7486, 7489, 7490, 7492, 7493, 7495, 7497, 7499, 7500, 7501, 7503, 7506, 7831, 7833, 7835, 7836, 7837, 7838, 7841, 7842, 7843, 7844, 7845, 7848, 7849, 7850, 7855, 7856, 7857, 7858, 7859, 7861, 7862, 7864, 7865, 7866, 7867, 7868, 7869, 7870, 7871, 7872, 7874, 7875, 7876, 7878, 7879, 7881, 7882, 7883, 7884, 7886, 7887, 7888, 7889, 7890, 7891, 7892, 7893, 7894, 7895, 7897, 7898, 7901, 7906, 7907, 7912, 7916, 7967, 8196, 8197, 8198, 8201, 8203, 8204, 8205, 8206, 8207, 8208, 8209, 8211, 8212, 8213, 8216, 8218, 8219, 8222, 8223, 8224, 8226, 8227, 8228, 8233, 8234, 8236, 8237, 8239, 8241, 8248, 8250, 8251, 8253, 8254, 8255, 8256, 8258, 8263, 8264, 8271, 8608, 8650, 8652, 8653, 8654, 8655, 8656, 8657, 8659, 8660, 8662, 8665, 8666, 8667, 8669, 8671, 8672, 8673, 8674, 8678, 8679, 8680, 8682, 8683, 8684, 8685, 8686, 8693, 8694, 8698, 8699, 8700, 8701, 8702, 8704, 8705, 8706, 8707, 8708, 8713, 8714, 8715, 8716, 8718, 8721, 8725, 8727, 8728, 8731, 8734, 8736, 8737, 8739, 8740, 8741, 8742, 8746, 8747, 8748, 8751, 8752, 8754, 8757, 8759, 8760, 8764, 8767, 8768, 8770, 8772, 8774, 8776, 8777, 8778, 8780, 8781, 8783, 8784, 8785, 8787, 8788, 8789, 8790, 8791, 8793, 8794, 8795, 8797, 8798, 8801, 8803, 8804, 8805, 8807, 8809, 8811, 8812, 8813, 8818, 8820, 8821, 8823, 8837, 8881, 8901]
[710, 1359, 1364, 1482, 1992, 2343, 2358, 3434, 3589, 5001, 5020, 5059, 5343, 5652, 6503, 6637, 7616, 7981, 8310, 9034, 9331, 9690, 10412, 10967, 11044, 11550]
[1923, 4337, 4513, 4536, 9387, 9450, 9454, 9552, 9640, 9656, 9702, 9722, 9737, 9835, 9853, 9872, 9980, 9988, 9990, 10038, 10071, 10091, 10321, 10334, 10409, 10418, 10444, 10450, 10460, 10480, 10501, 10512, 10518, 10527, 10552, 10569, 10613, 10627, 10640, 10645, 10657, 10658, 10695, 10708, 10811, 10815, 10855, 10899, 10918, 10922, 10984, 11056, 11077, 11080, 11086, 11270, 11472, 11706, 11710, 11989, 12163, 12207, 12444, 12445, 12657, 12756, 13052]
[412, 619, 713, 1469, 1470, 1651, 1985, 2228, 2233, 2796, 3411, 3564, 3683, 3828, 3844, 4229, 4378, 4597, 6595, 9308, 9309, 9334, 9433, 9510, 9513, 9630, 9655, 9662, 9695, 9700, 9749, 9754, 9756, 9763, 9768, 9784, 9790, 9855, 9953, 10075, 10134, 10189, 10202, 10242, 10250, 10289, 10310, 10377, 10380, 10441, 10456, 10466, 10601, 10802, 10824, 10826, 10863, 10893, 11030, 11038, 11172, 11180, 11190, 11221, 11248, 11258, 11261, 11276, 11279, 11280, 11288, 11345, 11447, 11455, 11491, 11497, 11543, 11556, 11588, 11603, 11645, 11665, 11699, 11727, 11729, 11734, 11736, 11741, 11766, 11773, 11774, 11803, 11871, 12050, 12054, 12127, 12138, 12140, 12165, 12167, 12180, 12206, 12216, 12234, 12282, 12298, 12299, 12349, 12359, 12401, 12497, 12536, 12555, 12580, 12601, 12677, 12732, 12864, 12874, 12912, 12939, 12950, 13024, 13035, 13043, 13060, 13108, 13113, 13180]
[406, 428, 616, 751, 798, 924, 1338, 1501, 1555, 1727, 1822, 1886, 2044, 2103, 2107, 2299, 2342, 2447, 2468, 2746, 2899, 3224, 3245, 3373, 3449, 3881, 4105, 4234, 4340, 4438, 4488, 4534, 4543, 4730, 4881, 5048, 5176, 5216, 5617, 5642, 5776, 5831, 5960, 6051, 6152, 6331, 6380, 6388, 6423, 6481, 6559, 6757, 6789, 6985, 6990, 7033, 7038, 7052, 7110, 7135, 7233, 7237, 7292, 7309, 7358, 7366, 7532, 7799, 7818, 7899, 7997, 8004, 8049, 8052, 8091, 8107, 8169, 8246, 8348, 8400, 8417, 8421, 8528, 8613, 8625, 8744, 8858, 8867, 8916, 8981, 9047, 9135, 9136, 9174, 9199, 10230, 10385, 10393, 10419, 10488, 10963, 11025, 11210, 11760, 12132, 12287, 13149]
[71, 86, 222, 362, 419, 629, 679, 731, 774, 1025, 1077, 1127, 1205, 1466, 1534, 1541, 1551, 1622, 1692, 1740, 1773, 1778, 1794, 1805, 1893, 1951, 2110, 2163, 2178, 2226, 2250, 2266, 2300, 2322, 2418, 2433, 2438, 2457, 2519, 2557, 2633, 2655, 2668, 2731, 2747, 2806, 2868, 2871, 2902, 3031, 3088, 3377, 3531, 3573, 3581, 3659, 3730, 3892, 3918, 4004, 4017, 4117, 4640, 4772, 4828, 4890, 4960, 5006, 5080, 5147, 5283, 5327, 5370, 5382, 5422, 5429, 5459, 5465, 5467, 5468, 5490, 5551, 5608, 5753, 5986, 6038, 6101, 6253, 6343, 6394, 6662, 6936, 6951, 6958, 6981, 7045, 7053, 7069, 7235, 7289, 7311, 7418, 7539, 7679, 7702, 7723, 7840, 7974, 8079, 8215, 8280, 8303, 8637, 8668, 8897, 8966, 8997, 9064, 9065, 9116, 9220, 9281, 9304, 9441, 9507, 9607, 9678, 9959, 10099, 10337, 10559, 10615, 10773, 10890, 11143, 11470, 11541, 11583, 11619, 11778, 11862, 11945, 11961, 12114, 12550, 12600, 12859, 12886, 12888, 13103, 13145, 13159]
[662, 664, 668, 670, 1372, 1584, 2218, 2220, 3061, 4140, 4235, 4402, 5125, 5230, 5526, 5542, 5825, 6217, 6425, 7126, 7139, 7268, 7445, 7639, 7811, 8009, 8014, 8383, 8395, 8516, 8519, 8918, 9214, 9897, 10103, 10786, 10792, 11304, 11316, 11322, 11425, 11696, 12109, 12472, 12477]
[1267, 1373, 2895, 3290, 3774, 3987, 4034, 4396, 4414, 4433, 4643, 4986, 5259, 5616, 5842, 7043, 9538, 9691, 9703, 10198, 10530, 10625, 10630, 10688, 10750, 10901, 10933, 10977, 11085, 11228, 11510, 11591, 11647, 11790, 11857, 11868, 12065, 12186, 12245, 12259, 12434, 12443, 12478, 12525, 12767, 13215]
[156, 1274, 1597, 1618, 2874, 2935, 3074, 3229, 3256, 4103, 4437, 5321, 5701, 5953, 5995]
[614, 685, 762, 1412, 1494, 1528, 1568, 1587, 1700, 1710, 1890, 1891, 1932, 1957, 6277, 6766, 6807, 8607, 8610, 9444, 9487, 9500, 9535, 10145, 10652, 11164, 11243, 11919, 12126, 12586]
[4, 28, 35, 184, 402, 409, 768, 770, 771, 1596, 2415, 2426, 3391, 3642, 4868, 4872, 5104, 6363, 6721, 6781, 6926, 7023, 7234, 7545, 7626, 7678, 8425, 8435, 8441, 8691, 8761, 8828, 8907, 8928, 9095, 9147, 9148, 9191, 9296, 9299, 10388, 11668]
[68, 939, 1093, 1109, 1129, 1192, 1228, 1539, 1754, 1781, 2173, 2254, 2298, 2317, 2348, 2375, 2377, 2476, 2943, 3431, 3708, 3884, 4069, 4143, 4161, 4178, 4214, 4385, 4463, 4531, 4738, 4803, 4885, 4914, 4975, 5133, 5188, 5204, 5396, 5731, 6009, 6070, 6076, 6219, 6262, 6263, 6443, 6456, 6488, 6712, 6787, 6989, 7079, 7103, 7586, 7600, 7815, 7955, 8068, 8165, 8178, 8358, 8466, 8472, 8521, 8553, 8554, 8936, 8988, 9058, 9059, 9197, 10141, 10305, 11360, 12289, 12592, 13019]
[22, 398, 624, 803, 936, 1039, 1210, 1307, 1440, 1574, 1691, 1819, 1946, 2157, 2243, 2966, 3244, 3329, 3424, 3543, 3765, 3866, 4055, 4347, 4386, 4450, 4818, 4990, 5547, 5884, 6054, 6080, 6218, 6229, 6244, 6249, 6251, 6257, 6399, 6450, 6575, 6652, 6937, 6952, 7015, 7179, 7265, 7279, 7369, 7421, 7432, 7435, 7739, 7796, 7941, 7992, 8023, 8295, 8369, 8452, 8457, 8476, 8520, 8533, 8543, 8618, 8687, 8703, 8711, 8878, 8942, 9027, 9052, 9125, 9126, 9262, 9275, 9473, 9632, 9645, 9670, 9870, 10814, 10878, 11071, 11335, 12024, 12378, 12913, 13005]
[73, 566, 567, 568, 641, 777, 871, 1961, 2127, 2292, 2337, 2344, 2577, 2629, 2857, 3198, 3222, 3275, 3294, 3443, 3582, 3832, 3835, 3845, 4048, 4205, 4525, 4528, 4619, 4714, 4737, 5036, 5095, 5280, 5634, 5649, 5938, 6227, 7064, 7312, 7441, 8073, 8334, 8646, 9518, 9673, 9694, 9829, 9840, 10056, 10194, 10725, 10796, 10916, 10928, 10932, 11040, 11156, 11195, 11421, 11560, 11796, 12027, 12258, 12305, 12390, 12457, 12528, 12787, 12815, 12837, 12932, 12944, 13093]
[6064, 6067, 6069, 6310, 6422, 6429, 6442, 6665, 6764, 7026, 7087, 7227, 7286, 7787, 7996, 8078, 8460, 8463, 8465, 8599, 8915, 8922, 8935, 9070, 9071, 9179]
[3897, 4032, 4760, 4849, 5096, 5218, 5241, 5961, 6097, 6811, 7007, 8885, 9038, 11160, 11207, 11764]
[806, 1484, 5463, 6289, 6292, 6413, 6681, 6794, 6831, 7081, 7511, 7607, 7643, 7677, 7731, 7943, 8016, 8113, 8146, 8578, 8580, 8902, 8927, 9085, 9086, 9204, 9229]
[84, 349, 444, 587, 744, 807, 834, 1008, 1209, 1839, 2022, 2059, 2461, 3184, 3211, 3750, 3916, 4067, 4217, 4271, 4591, 4842, 4855, 4882, 4900, 5103, 5165, 5506, 5909, 5930, 5977, 6233, 6340, 6369, 6502, 6667, 6790, 6810, 7059, 7472, 7642, 7676, 7717, 7971, 8176, 8325, 8361, 8436, 8534, 8836, 8843, 9002, 9073, 9074, 9145, 9146, 9201, 9432, 9710, 9850, 10032, 10810, 11461, 11634, 11853, 11859, 12006, 12221, 13066, 13148, 13179]
[343, 623, 921, 933, 948, 1148, 1310, 1339, 1617, 1619, 1719, 1724, 1826, 1828, 2149, 2276, 2286, 2568, 2573, 2755, 3027, 3232, 3318, 3806, 3894, 4073, 4088, 5426, 5528, 5740, 6078, 6266, 6475, 6494, 6801, 6861, 7252, 7410, 7529, 7632, 7742, 7792, 7949, 8032, 8071, 8474, 8735, 8876, 8975, 8995, 9211, 9230, 9726, 9801, 10070, 10468, 11289, 11508, 11608, 11617, 11618, 11627, 11731, 11908, 12397, 12405, 12551, 12741, 12749, 12780, 13197]
[837, 958, 963, 967, 970, 972, 994, 995, 997, 998, 999, 1000, 1006, 1010, 1012, 1017, 1027, 1028, 1034, 1036, 1042, 1074, 1220, 2627, 2652, 2791, 2879, 2908, 2946, 4150, 6352, 8645, 10755, 10917]
[12, 217, 927, 935, 1333, 1696, 2294, 2305, 2319, 2762, 2763, 2903, 3416, 3984, 4162, 4197, 4785, 4811, 5102, 5150, 5727, 7118, 9370, 9660, 10033, 10034, 10040, 10669, 10989, 11073, 11933, 12546, 12703, 12917, 12998, 13002]
[18, 230, 244, 264, 277, 282, 290, 293, 297, 303, 308, 309, 310, 323, 394, 407, 416, 458, 461, 462, 519, 546, 554, 557, 825, 888, 908, 1183, 2341, 2581, 2859, 2996, 3466, 3776, 3817, 3839, 3869, 4089, 4160, 4163, 4208, 4238, 4656, 4817, 4961, 5446, 5449, 5576, 5582, 5810, 5850, 5875, 5902, 5920, 9499, 9550, 9729, 9993, 9996, 10177, 10361, 10867, 10868, 10882, 10920, 10925, 11116, 11146, 11467, 11468, 11538, 11728, 11749, 11751, 11810, 11811, 11847, 12008, 12018, 12191, 12284, 12295, 12342, 12450, 12554, 12941, 12966, 12968, 13076, 13147, 13228]
[62, 223, 427, 596, 764, 775, 1081, 1082, 1164, 1259, 1276, 1348, 1562, 1605, 1753, 1941, 2072, 2156, 2188, 2201, 2247, 2279, 2301, 2534, 2562, 2660, 2721, 2934, 3362, 3372, 3418, 3501, 3569, 3622, 3628, 3656, 3700, 3760, 3825, 3876, 3953, 3970, 4008, 4026, 4119, 4154, 4218, 4241, 4395, 4509, 4743, 5476, 5510, 5664, 5904, 6066, 6168, 6342, 6564, 6682, 6734, 6813, 7040, 7099, 7298, 7614, 7720, 7756, 8177, 8195, 8306, 8357, 8462, 8500, 8636, 8755, 8766, 9161, 9223, 9613, 9637, 9849, 10174, 10175, 10224, 11784, 11829, 12143, 12205, 12338, 12706]
[3, 38, 57, 260, 361, 793, 819, 830, 1137, 1632, 1650, 1816, 1925, 2129, 2272, 2371, 2686, 2689, 3025, 3119, 3351, 3421, 3423, 3447, 3714, 4028, 4043, 4260, 4427, 4434, 4512, 4614, 4704, 4716, 4843, 4913, 4932, 4946, 4967, 4969, 5071, 5135, 5305, 5333, 5339, 5640, 5681, 5834, 5886, 5975, 6022, 6122, 6124, 6365, 6411, 6994, 7031, 7274, 7327, 7510, 7764, 8409, 8494, 8899, 9030, 9033, 9303, 9358, 9375, 9464, 9589, 9624, 9738, 9882, 10048, 10097, 10132, 10203, 10253, 10761, 10793, 10841, 10987, 11272, 11311, 11362, 11589, 11717, 11951, 12069, 12172, 12190, 12193, 12208, 12312, 12569, 12717, 12743, 12758, 12967, 13142, 13169, 13171]
[424, 657, 701, 851, 867, 1712, 1730, 2380, 3379, 3546, 6730, 9157, 9524, 9595, 9761, 9970, 10148, 10927, 12113, 12286, 12415, 12581, 12759, 13070, 13152, 13160]
[11, 169, 176, 200, 248, 393, 703, 705, 925, 1133, 1135, 1159, 1168, 1182, 1526, 1527, 1537, 1558, 1571, 1594, 1662, 1680, 1922, 1983, 2010, 2041, 2091, 2174, 2357, 2370, 2374, 2388, 2391, 2392, 2397, 2402, 2411, 2423, 2467, 2698, 2704, 2782, 2805, 2888, 2893, 3018, 3040, 3260, 3295, 3433, 3457, 3510, 3518, 3542, 3544, 3550, 3613, 3614, 3635, 3724, 3733, 3737, 3738, 3919, 3986, 4006, 4018, 4077, 4097, 4104, 4258, 4295, 4397, 4459, 4498, 4801, 4833, 4883, 4892, 4915, 4941, 4954, 5063, 5064, 5068, 5085, 5151, 5177, 5183, 5212, 5270, 5505, 5614, 5752, 5879, 5963, 6389, 6419, 6508, 7115, 7188, 7280, 7653, 8048, 8112, 8390, 8869, 9389, 9456, 9512, 9699, 10049, 10152, 10201, 10223, 10414, 10734, 10960, 11162, 11246, 11500, 11692, 12014, 12137, 12236, 12429, 12541, 12564, 12573, 12786, 12830, 12930, 13144, 13151, 13170]
[182, 497, 638, 1857, 1947, 4665, 5386, 5832, 6390, 9351, 9893, 11969, 12360, 12436, 12545]
[1384, 1418, 2313, 3236, 3697, 4377, 5214, 6003, 6282, 6613, 7451, 7744, 7963, 7969, 8010, 8571, 8800]
[640, 683, 1438, 2169, 2195, 2211, 2219, 2255, 2264, 2287, 2329, 2340, 2347, 2363, 2410, 2437, 2456, 2466, 2480, 2487, 2506, 2514, 2521, 2528, 2540, 2565, 2574, 2587, 2596, 2609, 2646, 2666, 2714, 2722, 2730, 2740, 2745, 2753, 2759, 2765, 2772, 2776, 2785, 2789, 2794, 2801, 2810, 2826, 2831, 2834, 2837, 2841, 2847, 2855, 2861, 2867, 2872, 2876, 2880, 2885, 2892, 2900, 2906, 2913, 2916, 2919, 2927, 2933, 2941, 2945, 2951, 2955, 2958, 2963, 2969, 2976, 2980, 2985, 2987, 2994, 2997, 3003, 3013, 3021, 3026, 3029, 3032, 3036, 3041, 3043, 3049, 3054, 3057, 3065, 3069, 3084, 3091, 3097, 3102, 3106, 3111, 3122, 3132, 3137, 3146, 3149, 3155, 3160, 3169, 3172, 3173, 3174, 3175, 3181, 3185, 3189, 3190, 3194, 3201, 3208, 3217, 3225, 3231, 3237, 3248, 3253, 3261, 3264, 3267, 3274, 3277, 3281, 3292, 3296, 3301, 3306, 3308, 3313, 3317, 3325, 3328, 3333, 3340, 3347, 3355, 3359, 3363, 3369, 3376, 3381, 3386, 3389, 3392, 3398, 3404]
[9306, 9319, 9322, 9354, 9356, 9419, 9452, 9453, 9462, 9470, 9489, 9496, 9515, 9516, 9519, 9533, 9536, 9542, 9565, 9584, 9592, 9641, 9654, 9665, 9671, 9679, 9701, 9713, 9744, 9748, 9759, 9764, 9772, 9774, 9825, 9915, 9916, 9940, 9971, 9977, 9989, 9994, 10019, 10044, 10106, 10109, 10115, 10116, 10127, 10187, 10207, 10222, 10243, 10258, 10268, 10299, 10348, 10349, 10357, 10372, 10403, 10440, 10452, 10471, 10472, 10475, 10477, 10494, 10514, 10517, 10525, 10540, 10567, 10592, 10599, 10603, 10605, 10635, 10663, 10668, 10680, 10707, 10744, 10747, 10754, 10768, 10837, 11051, 11076, 11097, 11123, 11136, 11138, 11217, 11238, 11245, 11317, 11321, 11323, 11347, 11349, 11377, 11382, 11451, 11452, 11460, 11479, 11498, 11565, 11711, 11759, 11795, 11830, 11831, 11875, 11882, 11898, 11907, 11952, 11957, 11980, 12001, 12026, 12100, 12128, 12194, 12210, 12224, 12235, 12244, 12304, 12321, 12377, 12396, 12467, 12502, 12509, 12512, 12521, 12523, 12543, 12552, 12565, 12575, 12576, 12627, 12638, 12683, 12696, 12750, 12795, 12804, 12817, 12852, 12856, 12872, 12890, 12909, 12926, 12938, 12964, 13001, 13020, 13114, 13129, 13143, 13155, 13181, 13202, 13209]
[5, 27, 631, 944, 1251, 2382, 3134, 3220, 3497, 3503, 3803, 4251, 4403, 4465, 4816, 4896, 5211, 5488, 5511, 5524, 5529, 5855, 5937, 5997, 6272, 6412, 6476, 6520, 6756, 6759, 6768, 6964, 7084, 7516, 7803, 8976, 9022, 9221, 9288, 9406, 9568, 9614, 9639, 9650, 9659, 9685, 9819, 9822, 10215, 10384, 10413, 10544, 10568, 10702, 10743, 10765, 10891, 10986, 11055, 11083, 11186, 11232, 11267, 11413, 11532, 11605, 11719, 11797, 11852, 11930, 12217, 12630, 12947, 12952, 13079]
[9864, 9925, 10160, 10225, 10292, 10323, 10324, 10353, 10443, 10455, 10524, 10550, 10593, 10598, 10706, 10723, 10740, 10817, 11069, 11096, 11111, 11135, 11150, 11187, 11234, 11253, 11337, 11372, 11374, 11386, 11387, 11401, 11404, 11416, 11422, 11435, 11464, 11481, 11484, 11515, 11527, 11528, 11529, 11559, 11581, 11597, 11625, 11669, 11670, 11680, 11683, 11738, 11768, 11801, 11813, 11849, 11890, 11901, 11902, 11937, 12034, 12039, 12078, 12152, 12225, 12227, 12241, 12256, 12274, 12292, 12293, 12306, 12307, 12323, 12327, 12354, 12358, 12389, 12394, 12413, 12419, 12452, 12503, 12513, 12530, 12596, 12614, 12725, 12742, 12771, 12818, 12868, 12899, 12901, 12922, 12923, 12942, 12970, 12971, 12989, 12997, 13009, 13038, 13086, 13199]
[25, 92, 135, 136, 218, 468, 573, 645, 1585, 2089, 2718, 3588, 3999, 4555, 4978, 5774, 6471, 6704, 6733, 6995, 7086, 7638, 8291, 8971, 9112, 9113, 9160, 10080]
[10, 32, 618, 648, 1066, 1068, 1918, 2626, 3307, 4481, 4598, 4646, 5420, 6034, 10437, 10479, 11171, 11832, 11897, 12183, 13063]
[1211, 1304, 1702, 1749, 1750, 1765, 1782, 1783, 2408, 3378, 3606, 3640, 3711, 3717, 3721, 3748, 3752, 3758, 3771, 3772, 3777, 3779, 3788, 3789, 3790, 3797, 3798, 3802, 3822, 3829, 3834, 4717, 4782, 4847, 5469, 5508, 5709, 5754, 6440, 7260, 8933, 9344, 9347, 9442, 9481, 11991, 12603]
[20, 381, 510, 511, 822, 824, 932, 937, 1035, 1207, 1245, 1257, 1311, 1797, 1813, 1872, 1874, 1926, 2024, 2039, 2208, 2216, 2275, 2321, 2335, 2493, 2549, 2767, 2790, 2836, 2883, 2887, 2937, 3012, 3083, 3221, 3228, 3235, 3473, 3551, 3567, 3572, 3684, 3692, 3719, 3728, 3739, 3745, 3854, 3872, 3923, 3933, 3964, 3965, 4052, 4061, 4092, 4096, 4181, 4210, 4287, 4290, 4298, 4311, 4352, 4393, 4470, 4487, 4517, 4550, 4586, 4603, 4612, 4618, 4750, 4761, 4835, 4934, 4999, 5042, 5066, 5196, 5199, 5313, 5342, 5433, 5456, 5484, 5535, 5568, 5639, 5680, 5702, 5722, 5763, 5784, 5821, 5891, 5945, 5971, 6102, 6192, 6683, 6798, 6919, 7396, 7464, 7467, 7474, 7481, 7484, 7496, 7502, 7508, 7707, 8539, 8628, 9089, 9090, 9208, 9316, 9323, 9385, 9469, 9692, 9792, 9906, 9907, 9912, 9955, 9958, 10008, 10062, 10105, 10156, 10205, 10227, 10275, 10304, 10347, 10431, 10464, 10499, 10685, 10736, 10749, 10787, 10879, 10904, 10947, 11315, 11365, 11442, 11471, 11492, 11501, 11507, 11746, 11748, 11750, 11763, 11771, 11781, 11824, 11828, 11833, 11909, 11918, 11929, 12012, 12020, 12060, 12087, 12101, 12133, 12219, 12262, 12277, 12297, 12301, 12369, 12372, 12391, 12425, 12633, 12709, 12757, 12827, 12893, 12936, 12955, 12963, 13071, 13091, 13118, 13188]
[267, 439, 1906, 2965, 3488, 3833, 4127, 4596, 4859, 4944, 5019, 5189, 5498, 5607, 6030, 6213, 6307, 6583, 6858, 6862, 6866, 6869, 6873, 6875, 7409, 7559, 7624, 8185, 8328, 8515, 8595, 8611, 8799, 8808, 10461, 12023, 12960]
[1118, 1512, 3643, 3736, 4768, 9782, 9928, 9950, 9961, 9973, 10317, 10333, 10338, 10341, 11303, 11495, 12195, 12196, 12340, 12348, 12473, 13208]
[1146, 3312, 5503, 5678, 6470, 6709, 7021, 7075, 7113, 7166, 7293, 7423, 7580, 7646, 7797, 7808, 8038, 8124, 8189, 8297, 8345, 8378, 9123, 9124]
[463, 491, 684, 689, 893, 1532, 2014, 2703, 2804, 3465, 3954, 4562, 4825, 5966, 6325, 6515, 8947, 9117, 9577, 9669, 9773, 9886, 9967, 9972, 9987, 10139, 10199, 10463, 10581, 10588, 10591, 10606, 10609, 10618, 10624, 10626, 10861, 11369, 11987, 12410, 12711]
[154, 163, 249, 269, 449, 459, 481, 530, 729, 856, 931, 1150, 1360, 1367, 1643, 1845, 1881, 1976, 1977, 2245, 2251, 2351, 2381, 2525, 2541, 2551, 2594, 2694, 2870, 2890, 3396, 3493, 3786, 4180, 4275, 4605, 4724, 4953, 5427, 5543, 6060, 6550, 6557, 6800, 7018, 7080, 7157, 7326, 7338, 7439, 7609, 7704, 7821, 7834, 7854, 7991, 8094, 8119, 8132, 8134, 8347, 8765, 8779, 9210, 9495, 9889, 10345, 10634, 10738, 11078, 11296, 11358, 11698, 12162, 12270, 12427, 12508, 13004, 13206]
[311, 537, 1145, 2403, 2657, 2814, 3563, 4312, 4372, 5696, 6105, 6189, 7583, 8498, 9181, 11938, 11943]
[7, 160, 338, 359, 1553, 2070, 2203, 2379, 2386, 2842, 3580, 4204, 4316, 4364, 4506, 4507, 4521, 4626, 4668, 5201, 5203, 5292, 5319, 5335, 5398, 5453, 5765, 6011, 6907, 7261, 7548, 9235, 9461, 9531, 9609, 10246, 11183, 11191, 11233, 11236, 11239, 11262, 12077, 12086, 12353, 12662, 12867, 13136, 13140]
[335, 351, 717, 734, 1011, 1055, 1195, 1204, 1219, 1226, 1330, 1410, 1703, 1741, 2086, 2306, 2428, 2940, 3072, 3430, 3568, 3645, 3672, 3908, 4016, 4604, 5588, 5592, 6044, 6112, 6184, 6232, 6495, 6526, 6598, 6628, 6685, 7150, 7160, 7407, 8097, 8267, 8388, 9400, 9805, 11767]
[363, 739, 885, 892, 1763, 2028, 2246, 2484, 2492, 2637, 2779, 2780, 2918, 3321, 3477, 3504, 3538, 3669, 3917, 4339, 4680, 5134, 5512, 5989, 9050, 9555, 9602, 10089, 10133, 10425, 10528, 10650, 10711, 10873, 11059, 11060, 11088, 11145, 11512, 12049, 12324, 12829, 12897, 12898, 13184]
[6225, 6327, 6496, 6643, 6659, 6689, 6967, 7124, 7674, 8029, 8268, 8342, 8527, 8620, 8987, 8996, 9036, 9060, 9061, 9091, 9092, 9294]
[77, 873, 1121, 1167, 1218, 1376, 1714, 2643, 3082, 4307, 4520, 4699, 4819, 5094, 5190, 6328, 6791, 7105, 7977, 8614, 9468, 9743, 9842, 9944, 10123, 10195, 10226, 10336, 10442, 11792, 11861, 11999, 12111, 12173, 12197, 12428, 12431]
[887, 889, 1170, 1197, 1308, 1479, 1879, 3446, 3715, 3840, 4666, 5388, 5897, 9616, 10339, 10343, 10785, 10936, 11344, 11587, 11676, 11677, 11691, 11932, 11941, 12182, 12255, 12448, 12458, 12590, 12593, 12908, 13051]
[81, 437, 653, 817, 1113, 1115, 1119, 1269, 1327, 1486, 1591, 1603, 1652, 1792, 1868, 1942, 1944, 2058, 2096, 2111, 2112, 2124, 2349, 2716, 2770, 3367, 3463, 3932, 3962, 3975, 4062, 4098, 4123, 4399, 4771, 4789, 4926, 5194, 5365, 5474, 5571, 5645, 5751, 5836, 5874, 6018, 6332, 6407, 6770, 7001, 8626, 9380, 9932, 10138, 11079, 11120, 11389, 11391, 11489, 11592, 11694, 12090, 12092, 12203, 13141]
[132, 643, 772, 903, 1425, 1767, 2046, 2053, 2273, 2503, 2571, 2973, 3212, 3468, 3941, 4371, 4467, 4469, 4948, 5413, 5579, 5584, 5691, 5867, 5936, 5980, 6976, 8322, 8832, 9436, 9502, 9558, 9658, 9661, 10119, 10124, 10125, 10159, 10164, 10214, 10244, 10255, 10807, 10954, 10994, 11196, 11214, 11398, 11434, 11682, 11687, 11842, 11915, 11922, 12157, 12189, 12243, 12250, 12322, 12490, 12492, 12605, 12916]
[329, 836, 861, 880, 1283, 1325, 1578, 1834, 1836, 2338, 2658, 2662, 2693, 2948, 3015, 3053, 3135, 3156, 3516, 3605, 3621, 3856, 3980, 4001, 4165, 4195, 4221, 4356, 4373, 4394, 4404, 4444, 4483, 4500, 4545, 4726, 4767, 4788, 4982, 5023, 5027, 5074, 5079, 5092, 5107, 5110, 5132, 5143, 5205, 5295, 5320, 5322, 5332, 5417, 5425, 5431, 5457, 5477, 5481, 5563, 5631, 5670, 5671, 5672, 5679, 5703, 5708, 5794, 5795, 5862, 5885, 5894, 6290, 6691, 9093, 9094, 10421, 10767, 10771, 11326, 11549, 11671, 11917, 11925, 11926, 11988, 12044, 12362, 13134]
[722, 1353, 1448, 1784, 2128, 2318, 2350, 2850, 3123, 3442, 4085, 4284, 4336, 4661, 4747, 4766, 4773, 4989, 5324, 5710, 6065, 6128, 6139, 6140, 6142, 6143, 6144, 6146, 6150, 6505, 7022, 7070, 7271, 7574, 7781, 8414, 8461, 8769, 9013, 9827, 10028, 10158, 11735, 12118, 12379, 12469, 12894]
[49, 138, 189, 196, 202, 243, 300, 391, 499, 500, 501, 535, 647, 784, 795, 865, 1136, 1202, 1213, 1258, 1422, 1455, 1483, 1488, 1525, 1561, 1573, 1649, 1668, 1669, 1674, 1675, 1707, 1761, 1850, 1964, 2011, 2020, 2021, 2025, 2030, 2098, 2274, 2473, 2518, 2860, 2904, 2944, 2961, 3046, 3114, 3193, 3311, 3353, 3489, 3556, 3629, 3762, 3780, 5394, 5395, 5405, 5409, 8842]
[285, 743, 1971, 2082, 2130, 2734, 3390, 3502, 3514, 3705, 4496, 4560, 4635, 4636, 4694, 4838, 4909, 5357, 5522, 5530, 5944, 9612, 9865, 10122, 10261, 10391, 10490, 10511, 10637, 10732, 10772, 10836, 10856, 10881, 10886, 11011, 11122, 11626, 11872, 12361, 12430, 12707, 12748, 12803, 13062]
[144, 236, 377, 733, 792, 1141, 1341, 1718, 2160, 2490, 3725, 3830, 4087, 4100, 4131, 4146, 4148, 4206, 4291, 4321, 4428, 4477, 4479, 4576, 4660, 4700, 4778, 4798, 4807, 4820, 4937, 5146, 5257, 5306, 5311, 5312, 5318, 5406, 5597, 5609, 5628, 6020, 6398, 7232, 7257, 8551, 9493, 9799, 10149, 10521, 10676, 10696, 11293, 11314, 11502, 11656, 11812, 12104, 12131, 12135, 12407, 12422, 12496, 12608, 12754, 12810, 12811, 12956, 13078]
[56, 475, 1273, 1679, 1777, 2288, 3422, 3439, 3773, 4908, 5038, 5411, 5421, 5805, 5870, 5910, 6353, 8834, 9340, 9367, 9384, 9401, 9416, 9420, 9422, 9425, 9434, 9435, 9472, 9475, 9553, 9567, 9572, 9579, 9580, 9581, 9596, 9622, 9677, 9689, 9706, 9846, 9900, 10068, 10102, 10217, 10277, 10408, 10429, 10469, 10533, 10541, 10549, 10621, 10622, 10638, 10643, 10646, 10647, 10648, 10683, 10687, 10828, 10829, 10831, 10956, 11024, 11193, 11206, 11338, 11340, 11400, 11648, 11891, 11928, 11971, 12112, 12125, 12147, 12199, 12344, 12462, 12499, 12500, 12563, 12640, 12992, 13040, 13087]
[706, 740, 1048, 1191, 1303, 1894, 2122, 3034, 3495, 3506, 3617, 3667, 4184, 4237, 4239, 4245, 5149, 5717, 5931, 5940, 6268, 6300, 6679, 6696, 6698, 7622, 8690, 9648, 10762, 11174, 11366, 11733, 12058, 12110, 12166, 12367, 12559, 12965]
[80, 82, 87, 113, 116, 119, 126, 368, 790, 800, 823, 857, 940, 1112, 1331, 2016, 2019, 4456, 4485, 4499, 4554, 4701, 4708, 4757, 4777, 4836, 4858, 4862, 4889, 4901, 4910, 4924, 4925, 4930, 4950, 4951, 4972, 4994, 4995, 4998, 5004, 5014, 5016, 5021, 5040, 5057, 5058, 5075, 5076, 5101, 5126, 5157, 5173, 5209, 5231, 5240, 5284, 5315, 5371, 5372, 5439, 5466, 5497, 9447, 9526, 9717, 9752, 9813, 11514, 12136, 13018, 13158, 13174, 13189]
[6090, 6234, 6296, 6346, 6396, 6445, 6501, 6666, 6732, 6799, 6947, 6999, 7050, 7107, 7248, 7310, 7438, 7547, 7597, 7648, 7703, 7754, 7809, 7950, 8015, 8065, 8116, 8180, 8313, 8373, 8437, 8486, 8535, 8584, 8640, 8875, 8938, 9001, 9072, 9159, 9209, 9271]
[8, 193, 829, 954, 1301, 1324, 1354, 1863, 1910, 2355, 2475, 2564, 2632, 2638, 2651, 2719, 2998, 3073, 3205, 3597, 3632, 3686, 3691, 3723, 3996, 4167, 4304, 4334, 4599, 4824, 4826, 4866, 4887, 4928, 5065, 5083, 5140, 5141, 5266, 5423, 5538, 5553, 5655, 5742, 5782, 5876, 5889, 5908, 5959, 5968, 5973, 6017, 6081, 6169, 6267, 6589, 6592, 7226, 7401, 7699, 7810, 8128, 8130, 8181, 8190, 8364, 8396, 8443, 8749, 9346, 9875, 9880, 9930, 10110, 10458, 10655, 11117, 11166, 11662, 12063, 12267, 12433, 12438, 12454, 12634, 12716, 12907, 13012]
[318, 370, 476, 477, 506, 550, 594, 655, 656, 714, 872, 1120, 1227, 1433, 1474, 1772, 1821, 1940, 1950, 2026, 2080, 2452, 2726, 2875, 3071, 3210, 4002, 4187, 4209, 4839, 5060, 5288, 5846, 6203, 6315, 6677, 6693, 6723, 7034, 7054, 7158, 7299, 7412, 7426, 7588, 7773, 7830, 7839, 8039, 8055, 8307, 8368, 8507, 8605, 8796, 8810, 8913, 9083, 9084, 9096, 9097, 9151]
[582, 610, 690, 1050, 1456, 1726, 2225, 2471, 2600, 2682, 2691, 3330, 3385, 3419, 3535, 3553, 4250, 5123, 5780, 6305, 6330, 6661, 6705, 7644, 7782, 7795, 7936, 8019, 8135, 8593, 8624, 9062, 9063, 9114, 9115, 10143, 10447, 11142, 11290, 11448, 11664, 12466, 12604, 13116]
[4331, 5725, 6279, 6312, 6400, 6409, 7290, 7627, 7631, 7671, 7693, 8018, 8149, 8289, 8561, 8568, 8602, 8879, 8894, 11503]
[172, 178, 179, 180, 181, 211, 314, 374, 431, 465, 467, 479, 551, 552, 561, 562, 564, 579, 605, 622, 628, 658, 686, 687, 696, 755, 778, 779, 781, 828, 881, 938, 952, 956, 961, 962, 964, 965, 968, 969, 971, 976, 978, 980, 990, 992, 993, 1007, 1054, 1155, 1156, 1165, 1175, 1176, 1177, 1178, 1186, 1187, 1188, 1230, 1271, 1313, 1351, 1357, 1379, 1381, 1382, 1389, 1390, 1394, 1399, 1401, 1414, 1437, 1493, 1519, 1520, 1646, 1664, 1665, 1676, 1678, 1711, 1713, 1715, 1716, 1801, 1851, 1915, 1916, 1936, 1945, 1967, 2009, 2013, 2040, 2071, 2074, 2077, 2079, 2198, 2199, 2205, 2414, 2431, 2566, 2588, 2636, 2852, 3047, 3101, 3130, 3163, 3171, 3202, 3214, 3239, 3257, 3268, 3280, 3310, 3319, 3320, 3323, 3342, 3371, 3382, 3401, 3444, 3576, 3577, 3631, 3931]
[39, 129, 161, 352, 480, 1247, 1315, 1447, 1498, 1507, 1535, 1569, 1602, 1607, 1626, 1627, 1752, 1791, 1793, 1930, 2048, 3099, 3109, 3180, 3315, 3322, 3331, 3332, 3345, 3356, 3358, 3380, 3425, 3515, 3626, 3794, 3808, 4003, 4569, 4620, 4647, 4712, 4987, 5029, 5182, 5224, 5278, 5287, 5437, 5482, 5648, 5806, 5857, 5913, 6039, 6415, 6434, 6516, 6519, 7662, 8131, 8394, 8845, 8883, 8890, 8896, 8965, 9216, 9409, 9412, 9491, 9528, 9680, 9848, 9924, 10216, 10221, 10287, 10665, 10666, 11835, 12871, 13132, 13192, 13193]
[542, 906, 1670, 1704, 2353, 2978, 3481, 3513, 3648, 4147, 4189, 4278, 4297, 4333, 4522, 4565, 4651, 4686, 4721, 5086, 5137, 5392, 5620, 5667, 5684, 5800, 5851, 5903, 6688, 7076, 7334, 7346, 7353, 7488, 7491, 9330, 9642, 9789, 9914, 10293, 10728, 10845, 10850, 10864, 10866, 10962, 11251, 11352, 11371, 12155, 12171, 12332, 12346, 12637]
[955, 957, 959, 960, 966, 973, 974, 977, 979, 981, 982, 983, 984, 985, 986, 987, 988, 991, 996, 1002, 1004, 1014, 1024, 1030, 1038, 1045]
[1986, 6350, 6749, 7216, 7591, 7596, 7683, 7745, 7761, 8296, 8319, 8446, 8643, 9170]
[187, 603, 750, 816, 918, 1123, 1206, 1343, 1830, 1831, 1884, 2399, 2738, 2793, 2894, 3016, 3314, 3428, 3452, 3846, 4279, 4609, 4971, 5219, 5602, 5689, 5769, 5841, 5843, 5892, 6298, 6518, 7972, 8387, 8586, 9225, 9486, 9600, 9935, 9951, 9966, 10054, 10136, 10262, 10449, 11445, 11487, 11757, 11854, 11947, 12808, 12919, 12920, 13080, 13198]
[1073, 1397, 2253, 3676, 6183, 6187, 6612, 6625, 6626, 6629, 6828, 6846, 6885, 6888, 6895, 7200, 7201, 7203, 7206, 7384, 7385, 7397, 7504, 7509, 7902, 7903, 7905, 7909, 8259, 8260, 8265, 8695, 8717, 8719, 8722, 8726, 8730, 8822, 8824, 9320, 10155]
[3743, 4151, 4257, 6056, 6221, 6404, 6711, 7005, 7255, 7416, 7618, 8249, 8331, 8375, 8430, 8523, 8886, 8957, 8986, 9127, 9128, 11109, 12211, 12792, 12910]
[209, 625, 785, 1261, 2179, 2282, 2284, 2406, 2435, 2530, 2561, 3033, 3218, 3412, 3561, 3590, 4455, 4471, 4504, 4786, 5033, 5185, 5220, 5575, 5583, 6378, 7690, 7923, 7995, 8183, 8210, 8856, 9647, 9845, 10076, 10847, 11050, 11057, 11058, 11062, 11182, 11380, 11381, 11456, 11458, 11462, 11469, 11716, 11844, 11885, 11993, 12022, 12108, 12144, 12145, 12177, 12357, 12382, 12393, 12649, 12778, 12819, 12892, 13058, 13191]
[167, 1467, 1510, 1937, 2520, 3249, 3252, 5073, 5093, 5387, 7125, 9794, 9898, 10057, 10208, 10509, 11292, 11407, 12088, 12409]
[1040, 2409, 4193, 4779, 5604, 5738, 5981, 6294, 7726, 9226, 9776, 10701, 12059, 12383, 12578, 13111]
[24, 626, 1445, 1838, 1852, 1880, 2185, 2261, 2324, 2463, 2639, 2647, 2674, 3574, 3734, 4577, 4977, 5050, 5056, 5221, 5590, 5675, 5827, 6028, 6117, 6591, 7294, 8269, 8562, 10181, 11301, 11705, 12533, 12654, 12671, 12828]
[574, 692, 789, 1140, 1320, 1347, 1657, 2060, 2109, 2168, 2523, 2865, 3873, 3993, 9018, 9392, 9404, 9467, 9608, 9653, 9721, 9767, 9831, 10240, 10350, 10364, 10557, 10698, 10764, 10934, 10940, 11004, 11013, 11131, 11132, 11151, 11189, 11192, 11212, 11227, 11260, 11384, 11419, 11658, 11715, 11798, 11808, 11834, 11976, 12045, 12134, 12148, 12572, 12579, 12687, 12862, 12961, 12976]
[1747, 2242, 3142, 3350, 3783, 4190, 6215, 6724, 6793, 7520, 7563, 7951, 8517, 9152, 12526]
[286, 565, 673, 1043, 1233, 1564, 2092, 2209, 2748, 3706, 3925, 4351, 5650, 6512, 7066, 7283, 7525, 8145, 8959, 8969, 10188, 12123, 13099]
[2, 13, 36, 418, 1063, 1064, 1588, 1743, 1928, 2192, 2339, 2616, 2766, 3241, 3374, 3393, 3915, 4056, 4107, 4341, 4497, 4558, 4572, 4634, 4670, 4720, 4815, 4822, 5374, 5399, 5432, 5566, 5668, 5905, 6062, 6248, 6270, 6410, 6524, 6570, 6713, 6714, 6729, 6823, 6825, 6837, 6877, 6880, 6882, 6962, 7051, 7253, 7281, 7295, 7430, 7554, 7746, 7778, 7812, 7940, 7959, 8042, 8159, 8244, 8416, 8546, 8552, 8559, 8647, 8738, 8756, 8792, 8895, 9131, 9132, 9133, 9134, 9156, 9189, 9286, 9382, 9575, 9903, 10172, 11577, 11723, 12491, 12511]
[586, 1041, 2882, 3520, 3523, 3541, 4157, 4600, 4667, 4867, 4870, 4927, 5772, 5991, 6023, 6024, 6871, 9858, 10200, 10204, 10629, 10691, 10895, 11163, 11176, 11453, 12693]
[389, 639, 3618, 5499, 9315, 9337, 9338, 9396, 9399, 9403, 9421, 9437, 9438, 9446, 9463, 9478, 9494, 9529, 9545, 9549, 9556, 9563, 9570, 9594, 9603, 9611, 9615, 9629, 9636, 9663, 9667, 9693, 9697, 9704, 9716, 9727, 9728, 9736, 9760, 9786, 9804, 9852, 9868, 9873, 9876, 9887, 9896, 9901, 9911, 9917, 9936, 9945, 9956, 9992, 9999, 10007, 10035, 10037, 10046, 10047, 10051, 10084, 10092, 10108, 10111, 10140, 10144, 10154, 10182, 10231, 10237, 10238, 10269, 10273, 10285, 10290, 10301, 10397, 10405, 10410, 10428, 10446, 10448, 10467, 10481, 10486, 10487, 10523, 10545, 10553, 10562, 10564, 10575, 10602, 10614, 10661, 10671, 10672, 10726, 10731, 10756, 10777, 10778, 10788, 10789, 10797, 10839, 10840, 10921, 10926, 10943, 10970, 11017, 11028, 11064, 11093, 11127, 11128, 11159, 11199, 11220, 11278, 11282, 11287, 11308, 11309, 11310, 11313, 11329, 11339, 11355, 11363, 11364, 11373, 11410, 11417, 11418, 11466, 11506, 11519, 11535, 11564, 11573, 11596, 11660, 11685, 11709, 11724, 11740, 11761, 11794, 11815, 11839, 11873, 11880, 11881, 11893, 11916, 11920, 11934, 11939, 12019, 12030, 12031, 12040, 12047, 12081, 12093, 12094, 12099, 12120, 12188, 12204, 12232, 12233, 12257, 12264, 12265, 12268, 12302, 12310, 12319, 12365, 12375, 12381, 12439, 12465, 12494, 12495, 12507, 12516, 12519, 12531, 12613, 12644, 12647, 12656, 12680, 12701, 12799, 12805, 12820, 12823, 12831, 12836, 12838, 12842, 12900, 12906, 12911, 12914, 12918, 12937, 12996, 12999, 13053, 13085, 13127, 13146, 13163, 13172, 13176, 13177, 13211, 13217, 13224]
[96, 262, 757, 947, 1001, 1312, 1363, 1439, 1513, 1570, 1611, 1873, 1917, 2125, 2175, 2237, 2256, 2296, 2310, 2434, 2453, 2711, 3186, 3677, 3716, 4687, 4702, 4905, 5158, 5447, 5585, 5688, 5737, 5950, 6058, 6095, 6194, 6237, 6271, 6357, 6362, 6441, 6946, 7011, 7062, 7121, 7691, 7734, 7776, 7921, 8138, 8141, 8363, 8419, 8537, 8560, 8732, 8816, 8826, 8934, 9000, 9270, 9314, 9443, 9707, 9891, 9982, 10852, 11486, 11793, 12038, 12331, 12841, 13003, 13008]
[920, 929, 941, 1229, 1572, 1606, 1609, 1689, 1798, 1823, 2000, 2311, 2405, 2567, 2590, 2601, 2603, 2606, 2622, 2688, 2990, 3039, 3387, 3901, 3997, 4201, 4288, 4332, 4518, 4725, 4810, 5043, 5108, 5172, 5198, 5200, 5210, 5262, 5569, 5587, 5735, 5790, 5877, 5919, 6021, 6633, 6706, 6751, 6769, 7487, 8960, 9324, 9379, 9430, 9497, 9657, 9742, 9793, 9810, 9931, 10000, 10085, 10087, 10386, 10424, 10465, 10519, 10795, 10818, 10822, 11218, 11268, 11393, 11403, 11732, 11769, 11772, 12057, 12066, 12308, 12314, 12514, 12524, 12577, 12597, 12624, 12632, 12648, 12678, 12714, 13011, 13095, 13190]
[44, 194, 355, 379, 737, 738, 883, 890, 1300, 1593, 2241, 2877, 3671, 3809, 3981, 4383, 4416, 4639, 4652, 4876, 4894, 4917, 4968, 5017, 5049, 5072, 5121, 5180, 5275, 5325, 5434, 5619, 5654, 5918, 5978, 6031, 6033, 6108, 6165, 6406, 6431, 6472, 6581, 7102, 7191, 7343, 7344, 7345, 7348, 7351, 7352, 7399, 7988, 8352, 8782, 8786, 8891, 8924, 9372, 9709, 9811, 9841, 9869, 10073, 10354, 10359, 10402, 10816, 11042, 11103, 11693, 11850, 11955, 12037, 12724, 13100, 13107, 13112, 13126]
[897, 1409, 1415, 1472, 2108, 2137, 2356, 2365, 2440, 2661, 2761, 2921, 2931, 3216, 3338, 3511, 3601, 3906, 3911, 3914, 3950, 3994, 4451, 4845, 4907, 4911, 5401, 5712, 6230, 6684, 7071, 7712, 7716, 8531, 9374, 9465, 9601, 9871, 10018, 10053, 10282, 10283, 10327, 10330, 10389, 10888, 10889, 10982, 11249, 11250, 11424, 11513, 11530, 11533, 11566, 12042, 12068, 12149, 12154, 12385, 12404, 12441, 12449, 12455, 12459, 12504, 12506, 12529, 12645, 12652, 12659, 12715, 12962, 13017]
[134, 155, 207, 238, 660, 878, 1266, 1335, 1480, 1766, 1804, 1904, 2469, 2813, 2851, 3120, 3157, 3191, 3354, 3537, 3552, 3668, 4108, 4449, 4480, 5442, 5643, 6242, 6283, 6336, 6347, 6356, 6372, 6463, 6650, 6718, 6778, 6806, 6991, 7067, 7119, 7177, 7217, 7459, 7560, 7608, 7722, 7760, 7939, 7942, 8002, 8075, 8121, 8163, 8225, 8286, 8314, 8541, 8572, 8631, 8641, 8710, 8850, 8865, 8917, 8958, 9046, 9141, 9142, 9188, 9217]
[31, 42, 239, 821, 1201, 1818, 1820, 5345, 5520, 6391, 6454, 6735, 6966, 7006, 7047, 7405, 7697, 7705, 7706, 7802, 7826, 7932, 8076, 8120, 8288, 8401, 8547, 8815, 8870, 8950, 9077, 9078, 9118, 9162, 9292, 10433]
[472, 832, 863, 1249, 1279, 1288, 1383, 1404, 1497, 1515, 1524, 1681, 1988, 2217, 2224, 2537, 2555, 2615, 2641, 3128, 3410, 3450, 4038, 4101, 4111, 4417, 4527, 4682, 4823, 4851, 5202, 5578, 5599, 5778, 5824, 5852, 7562, 7601, 7694, 7863]
[1286, 2552, 2576, 2832, 3051, 3650, 3682, 5454, 9684, 9686, 10060, 10066, 10411, 10821, 10909, 11409, 12011, 12073]
[246, 531, 600, 912, 1013, 1431, 1517, 1717, 1920, 2006, 2038, 2536, 2548, 2582, 2595, 2839, 3238, 3270, 3346, 3417, 3429, 3437, 3530, 3587, 3636, 3804, 3850, 3895, 3910, 4033, 4039, 4109, 4970, 5024, 5391, 5480, 5546, 5559, 5674, 6322, 6435, 6484, 6498, 6596, 6611, 6644, 6847, 6874, 6879, 7073, 7183, 7193, 7284, 7313, 7537, 7543, 7558, 7682, 7727, 7750, 7925, 8056, 8284, 8355, 8423, 8616, 8675, 8676, 8681, 8692, 8712, 8750, 8771, 8929, 8984, 8998, 9037, 9193, 10185, 11841, 12213, 12329, 12793, 13183]
[6182, 6624, 6886, 7199, 7389, 7505, 7904, 8261, 8724, 8819]
[1212, 1215, 1317, 1748, 1931, 2181, 2665, 4049, 4952, 4973, 5197, 6780, 7804, 8658, 9190, 12033, 12995]
[64, 694, 815, 1487, 1495, 1576, 1709, 1943, 2081, 2479, 2491, 2630, 2678, 2878, 3050, 3108, 3316, 3615, 3842, 3851, 4186, 4749, 4781, 5486, 5721, 5951, 6016, 6119, 6280, 6477, 6676, 6728, 6808, 7174, 7243, 7553, 7621, 7655, 7688, 7777, 7911, 7926, 7993, 8122, 8188, 8569, 8745, 8773, 8977, 9155, 9218, 9448, 10170, 10171, 10259, 11629, 13214]
[769, 805, 1342, 1451, 6231, 6311, 6428, 7091, 7636, 7713, 8008, 8093, 8532, 8600, 8921, 8994]
[313, 636, 652, 663, 695, 767, 1071, 1157, 1189, 1231, 1441, 1757, 1770, 1844, 1955, 2049, 2140, 2360, 2723, 2732, 2884, 3166, 3303, 3498, 3519, 6278, 6514, 6920, 7533, 7589, 7673, 7680, 7860, 7880, 8028, 8114, 8287, 8422, 8491, 8567, 8817, 9175, 9242, 11950, 12744, 12752]
[60, 94, 137, 512, 518, 835, 1125, 1453, 1457, 1518, 1629, 1631, 1785, 1877, 2383, 2385, 2485, 3145, 3326, 3616, 4070, 4082, 4282, 4350, 4846, 5015, 5039, 5053, 5087, 5156, 5246, 5268, 5285, 5307, 5380, 5589, 5591, 5823, 5899, 5916, 6057, 6106, 6878, 7272, 7564, 7619, 8152, 8217, 8304, 8496, 9231, 9373, 9745, 10276, 10854, 10915, 11047, 11188, 11610, 12276, 12826]
[54, 98, 436, 804, 847, 1099, 1100, 1282, 1624, 1655, 1760, 2101, 2191, 2323, 2325, 2538, 3383, 3458, 3653, 4137, 4159, 4268, 4400, 4544, 4547, 4622, 4784, 4857, 4899, 4992, 5109, 5145, 5163, 5341, 5515, 5633, 5647, 5734, 5745, 5969, 6208, 6741, 6773, 6965, 7477, 7478, 7759, 8410, 8511, 9043, 9183, 9329, 9371, 9405, 9583, 9687, 9856, 10219, 10220, 10703, 10721, 10751, 10781, 10830, 10955, 11544, 11555, 11572, 11720, 11799, 11956, 11979, 12064, 12074, 12202, 12269, 12557, 12628, 12807, 13025, 13033, 13048, 13055]
[504, 1633, 1636, 1637, 1654, 1658, 1659, 1661, 1666, 1685, 1686, 1688, 1690, 1695, 1697, 1824, 1856, 2136, 2155, 2167, 2416, 2424, 2840, 2982, 3147, 3227, 3298, 3435, 3947, 4188, 4226, 4345, 4685, 4919, 5818, 6373, 6386, 6387, 6971, 8194, 8279, 8429, 8439, 8851, 8866, 9297, 9633, 10587, 10972, 10980, 11112, 13081]
[106, 597, 661, 1111, 1200, 1208, 1420, 1421, 1840, 2751, 3223, 3735, 3928, 4997, 5084, 5309, 5489, 5847, 5987, 6084, 6123, 6205, 6211, 6288, 6461, 6469, 6663, 6819, 6941, 7037, 7304, 7317, 7443, 7470, 7519, 7640, 7670, 7696, 7931, 7994, 8003, 8220, 8308, 8392, 8403, 8508, 8513, 8556, 8577, 8956, 8970, 9066, 9067]
[403, 410, 1158, 1161, 1393, 1499, 1592, 1829, 1966, 2084, 2158, 2575, 2844, 2909, 2986, 3075, 3158, 3469, 3688, 3694, 3710, 3712, 3784, 3838, 3853, 4120, 4156, 4696, 4711, 4874, 5155, 5170, 5470, 6931, 7518, 7740, 8077, 8098, 8844, 9256, 10401, 10964, 11125, 11493, 11598, 11650, 11807, 11949, 12052, 12387, 12484, 12620, 12660, 13213]
[159, 591, 796, 1285, 1478, 1500, 1589, 1954, 1958, 1997, 2441, 2505, 2532, 2579, 2727, 2795, 3004, 3038, 3092, 3177, 3598, 3664, 3781, 3782, 3816, 3875, 3890, 3982, 4174, 4354, 4410, 4466, 4514, 4552, 4865, 4880, 4964, 5570, 5682, 5704, 5998, 6098, 6375, 6421, 6699, 6763, 7013, 7032, 7820, 7960, 8043, 8080, 8326, 8344, 8853, 8914, 9178, 9333, 9587, 9823, 10390, 10988, 11130, 11567, 11753, 11816, 11817, 11825, 12159, 12990, 13110, 13123]
[420, 848, 2126, 2193, 3052, 3470, 3585, 3627, 4837, 5112, 5187, 5690, 5715, 9326, 9390, 9554, 9735, 9836, 10735, 10782, 11730, 12273, 12296, 12635, 12931, 13088, 13223]
[598, 676, 788, 1560, 1595, 1732, 2064, 2373, 3365, 3663, 3800, 4047, 4659, 5377, 9866, 10023, 10542, 10801, 10998, 11202, 11576]
[70, 95, 186, 273, 319, 478, 922, 1088, 1221, 1256, 1810, 1837, 2061, 2062, 2312, 2474, 2507, 2697, 3068, 3100, 3104, 3388, 3492, 3558, 3630, 3687, 3885, 3946, 4030, 4252, 4559, 4677, 4976, 5077, 5160, 5500, 5565, 5612, 6026, 6891, 9361, 9796, 9984, 10011, 10491, 11414, 11545, 11601, 11821, 11983, 12079, 12175, 12534, 12548]
[19, 601, 611, 613, 615, 723, 725, 1022, 1095, 1104, 1124, 1203, 1326, 1400, 1897, 1972, 2047, 2100, 3067, 3095, 3152, 3167, 3258, 3293, 3403, 3454, 3526, 3562, 3662, 3703, 3939, 4022, 4338, 4342, 4446, 4458, 4524, 5130, 5286, 5598, 5949, 6010, 6264, 6284, 6379, 6569, 6775, 6782, 6835, 6838, 6868, 6940, 6943, 6956, 7024, 7028, 7305, 7315, 7637, 7645, 7658, 7962, 8175, 8247, 8426, 8555, 8573, 8642, 8729, 8857, 9032, 9185, 9192, 9205, 9241, 9265, 9267, 9274, 9279, 9365, 11134, 12370, 12515, 12517, 12623, 13022, 13131]
[188, 1803, 2709, 2797, 3660, 4126, 4263, 4673, 9471, 9698, 9798, 9812, 9859, 9913, 9923, 9960, 9962, 9965, 9969, 9978, 9986, 10296, 10534, 10571, 10604, 10651, 10694, 10880, 10912, 10958, 11185, 11557, 11586, 11913, 11927, 11962, 12198, 12341, 13082, 13218]
[221, 617, 699, 868, 1260, 1302, 1358, 1768, 1771, 2037, 2204, 2215, 2393, 2427, 2442, 2586, 2787, 3020, 3302, 3327, 3675, 3870, 3893, 3992, 4013, 4144, 4158, 4185, 4374, 4442, 4561, 4593, 4674, 4762, 4923, 4935, 5069, 5118, 5248, 5272, 5277, 5337, 5351, 5362, 5378, 5385, 5397, 5418, 5455, 5561, 5623, 5673, 5758, 5838, 5849, 5893, 5895, 5972, 6035, 6121, 6131, 6138, 6159, 6166, 6170, 6174, 6176, 6179, 6198, 6324, 6345, 6351, 6464, 6580, 6701, 7189, 7194, 7195, 7197, 7468, 7606, 7743, 7774, 7816, 8101, 8415, 8639, 8644, 9227, 9255, 9874, 10086, 10670, 10724, 10790, 11020, 11203, 11444, 11480, 11652, 11653, 11667, 11695, 11744, 11960, 12085, 12263, 12695, 12708, 12766, 12783, 13032, 13150, 13153]
[103, 397, 494, 576, 584, 604, 612, 735, 907, 953, 1049, 1169, 1246, 1362, 1391, 1426, 1536, 1861, 2664, 2970, 3279, 3297, 3304, 3324, 4007, 4044, 4671, 5225, 5914, 6079, 6256, 6275, 6287, 6334, 6361, 6376, 6457, 6510, 6554, 6619, 6620, 6622, 6631, 6745, 6752, 6753, 6779, 6783, 6788, 6836, 6916, 7127, 7142, 7212, 7700, 7800, 7956, 8040, 8095, 8154, 8156, 8275, 8359, 8475, 8550, 8564, 8576, 8629, 8802, 8854, 8951, 9167, 9171, 9247, 9747, 10314, 12053, 12721]
[1616, 1796, 2017, 4212, 4502, 4679, 4854, 5178, 5878, 8277, 9682, 10169, 11082, 11367, 11431, 11436, 11520, 11584, 11755, 11878, 12873, 12883, 12885, 13154, 13167]
[175, 2843, 4938, 5445, 6014, 6384, 6933, 6984, 7300, 7625, 8529, 8862, 8906, 9258, 11822]
[923, 1417, 2262, 2556, 2584, 3262, 3858, 4390, 5243, 5555, 5685, 7954, 9838, 10042, 10043, 10245, 10247, 10394, 11041, 11274, 11593, 11892, 12041, 12075, 12328, 12335, 12814]
[650, 678, 802, 3334, 5235, 6695, 6776, 7793, 7798, 8011, 8351, 8557, 8989, 9017, 9186]
[6297, 6405, 6511, 6928, 7213, 7403, 7953, 8147, 8173, 8585, 8889, 9010, 9202, 9253]
[91, 356, 2134, 2483, 3019, 3022, 3112, 3384, 3979, 4164, 4194, 4196, 4285, 4384, 4387, 4445, 4548, 4582, 4601, 4606, 4624, 4764, 5139, 5152, 5289, 5329, 5348, 5428, 5798, 5996, 6500, 6513, 7340, 7341, 7381, 8144, 8598, 10344, 10612, 10628, 11554, 12178]
[649, 1284, 1556, 1899, 1911, 1933, 2271, 2611, 2618, 2631, 2864, 3110, 3265, 3483, 3685, 3698, 3702, 3709, 3764, 3820, 3865, 4093, 4099, 4361, 4432, 4571, 5047, 5078, 5229, 5415, 5419, 5483, 5492, 5537, 5574, 5644, 5694, 5792, 5866, 5906, 6005, 6750, 6796, 6805, 6930, 7436, 7665, 7822, 7984, 8384, 8900, 9206, 9301, 9559, 10597, 11019, 11021, 11305, 11429, 11432, 11777, 11785, 11906, 12153, 12247, 12309, 12388, 12451, 12538, 12542, 12587, 12589, 12631, 12737, 12969, 12987, 13031, 13222]
[148, 150, 168, 301, 345, 385, 581, 665, 1076, 1458, 1990, 2120, 2281, 2419, 3690, 4045, 4102, 4122, 4230, 4273, 4580, 4734, 4813, 4965, 4993, 5217, 5706, 5711, 5750, 9317, 9561, 9582, 10072, 10233, 10257, 10363, 10478, 10616, 10631, 10639, 10819, 10903, 10973, 11022, 11081, 11201, 11275, 11351, 11900, 11904, 13120, 13164]
[146, 358, 360, 559, 1172, 1275, 1530, 1542, 1667, 1802, 1825, 2249, 2624, 3611, 3852, 4015, 4076, 4168, 4170, 4583, 4672, 4830, 4856, 5279, 5303, 5304, 5545, 5741, 6953, 7581, 7599, 7944, 8301, 9016, 9276, 9591, 12710]
[102, 120, 811, 2907, 2962, 3559, 4139, 4796, 5009, 5012, 5144, 5250, 5532, 5580, 5697, 5726, 5924, 6258, 6674, 8036, 8243, 8245, 9457, 10365, 10582, 10686, 11604, 12416, 12568, 12789, 12798, 13109]
[17, 30, 46, 47, 51, 55, 78, 105, 107, 108, 110, 114, 130, 145, 147, 171, 173, 174, 177, 213, 219, 228, 229, 254, 346, 347, 348, 354, 367, 371, 375, 378, 445, 454, 532, 534, 543, 547, 555, 556, 593, 634, 635, 637, 651, 671, 697, 841, 905, 1046, 1237, 1240, 1318, 1598, 1634, 1635, 1641, 1673, 1684, 1708, 1739, 1883, 1888, 1960, 1962, 1963, 2032, 2033, 2050, 2051, 2052, 2054, 2055, 2067, 2141, 2151, 2161, 2359, 2366, 2390, 2394, 2396, 2398, 2404, 2563, 2598, 3023, 3124, 3234, 3255, 3271, 3284, 3336, 3368, 3491, 3499]
[151, 158, 185, 312, 387, 399, 441, 513, 541, 724, 864, 949, 1198, 1223, 1232, 1375, 1481, 1540, 1544, 1566, 1656, 1734, 1779, 2472, 2509, 2608, 2612, 2621, 2656, 2799, 2808, 3283, 3349, 3805, 3867, 3902, 4114, 4225, 4276, 4306, 4326, 4684, 4906, 5003, 5129, 5381, 5435, 5615, 5925, 6089, 6358, 6432, 6700, 6934, 6977, 6978, 6992, 7089, 7095, 7184, 7259, 7458, 7628, 7664, 7763, 7785, 8081, 8126, 8315, 8360, 8385, 8485, 8588, 8925, 8990, 9023, 9224, 9348, 9418, 9681, 9780, 9807, 9947, 10010, 10153, 10210, 10373, 10416, 10420, 10803, 10951, 11184, 11223, 11306, 11343, 11613, 11614, 11639, 12599, 12753, 13021, 13096, 13221]
[6, 9, 16, 23, 26, 29, 37, 45, 48, 50, 53, 59, 63, 65, 67, 72, 74, 83, 90, 99, 100, 101, 111, 112, 115, 117, 121, 122, 128, 133, 140, 141, 142, 152, 157, 164, 165, 183, 190, 192, 195, 198, 199, 201, 203, 210, 216, 220, 227, 232, 234, 235, 237, 240, 241, 245, 252, 255, 256, 261, 265, 266, 271, 276, 280, 287, 288, 298, 315, 316, 321, 327, 331, 342, 350, 364, 369, 372, 373, 376, 380, 386, 390, 395, 396, 401, 404, 405, 408, 411, 413, 414, 421, 423, 426, 429, 430, 432, 433, 434, 438, 442, 447, 450, 452, 453, 464, 466, 469, 471, 473, 483, 484, 488, 489, 492, 493, 496, 498, 508, 514, 516, 517, 520, 522, 523, 524, 526, 536, 540, 544, 549, 560, 563, 569, 578, 580, 583, 585, 589, 592, 599, 606, 609, 621, 627, 630, 632, 644, 646, 654, 675, 680, 681, 691, 693, 698, 700, 704, 708, 715, 716, 718, 726, 727, 730, 736, 741, 745, 747, 754, 756, 759, 766, 782, 783, 794, 797, 808, 812, 814, 818, 820, 839, 840, 842, 845, 850, 852, 853, 855, 860, 862, 870, 875, 876, 879, 884, 886, 900, 902, 904, 910, 913, 942, 946, 975, 989, 1003, 1005, 1015, 1018, 1021, 1023, 1026, 1029, 1037, 1044, 1051, 1052, 1057, 1059, 1069, 1075, 1084, 1087, 1091, 1094, 1097, 1098, 1101, 1106, 1110, 1114, 1117, 1126, 1128, 1132, 1139, 1144, 1160, 1162, 1163, 1166, 1171, 1173, 1179, 1180, 1184, 1194, 1196, 1217, 1222, 1224, 1225, 1234, 1239, 1243, 1252, 1255, 1270, 1272, 1278, 1280, 1281, 1287, 1289, 1291, 1293, 1294, 1295, 1296, 1298, 1299, 1314, 1316, 1319, 1321, 1322, 1323, 1340, 1346, 1356, 1361, 1368, 1371, 1377, 1380, 1385, 1386, 1387, 1388, 1392, 1395, 1396, 1398, 1402, 1403, 1405, 1406, 1407, 1428, 1429, 1444, 1452, 1461, 1462, 1463, 1464, 1473, 1485, 1489, 1491, 1492, 1496, 1502, 1503, 1504, 1514, 1516, 1521, 1523, 1533, 1538, 1543, 1545, 1546, 1548, 1550, 1552, 1554, 1567, 1575, 1579, 1582, 1583, 1590, 1599, 1610, 1613, 1623, 1630, 1638, 1639, 1640, 1642, 1645, 1660, 1663, 1671, 1682, 1683, 1694, 1705, 1720, 1721, 1733, 1735, 1736, 1737, 1742, 1744, 1759, 1764, 1774, 1776, 1780, 1788, 1789, 1790, 1795, 1807, 1808, 1809, 1811, 1814, 1817, 1832, 1835, 1841, 1843, 1847, 1849, 1854, 1855, 1858, 1859, 1864, 1866, 1876, 1878, 1882, 1885, 1887, 1892, 1900, 1901, 1903, 1909, 1912, 1914, 1919, 1921, 1934, 1935, 1938, 1939, 1959, 1965, 1968, 1969, 1973, 1974, 1979, 1987, 1989, 1994, 1996, 2001, 2007, 2012, 2015, 2027, 2029, 2036, 2042, 2043, 2045, 2056, 2057, 2063, 2078, 2085, 2099, 2102, 2104, 2114, 2123, 2131, 2139, 2146, 2147, 2152, 2159, 2162, 2170, 2171, 2183, 2184, 2187, 2189, 2190, 2194, 2196, 2200, 2206, 2210, 2212, 2213, 2214, 2221, 2223, 2229, 2230, 2232, 2236, 2238, 2239, 2257, 2258, 2259, 2260, 2265, 2268, 2269, 2270, 2277, 2278, 2283, 2289, 2297, 2303, 2304, 2308, 2314, 2316, 2326, 2328, 2331, 2332, 2345, 2346, 2352, 2361, 2364, 2367, 2369, 2372, 2378, 2384, 2387, 2401, 2413, 2417, 2421, 2422, 2425, 2429, 2430, 2432, 2436, 2439, 2443, 2444, 2448, 2449, 2450, 2454, 2455, 2459, 2460, 2462, 2465, 2477, 2478, 2481, 2482, 2494, 2498, 2500, 2501, 2502, 2504, 2508, 2510, 2512, 2513, 2515, 2516, 2517, 2524, 2527, 2529, 2531, 2535, 2539, 2544, 2550, 2554, 2558, 2559, 2569, 2570, 2572, 2578, 2580, 2583, 2593, 2597, 2602, 2604, 2605, 2607, 2613, 2614, 2619, 2620, 2625, 2628, 2634, 2635, 2640, 2642, 2644, 2649, 2650, 2654, 2659, 2663, 2667, 2669, 2670, 2671, 2673, 2675, 2676, 2677, 2680, 2681, 2687, 2692, 2695, 2701, 2705, 2706, 2707, 2708, 2710, 2712, 2713, 2720, 2724, 2733, 2736, 2737, 2739, 2742, 2743, 2744, 2749, 2750, 2752, 2756, 2757, 2758, 2764, 2768, 2771, 2773, 2775, 2778, 2792, 2798, 2800, 2802, 2803, 2807, 2809, 2812, 2815, 2824, 2825, 2828, 2835, 2838, 2849, 2853, 2854, 2856, 2858, 2863, 2869, 2873, 2881, 2889, 2898, 2905, 2910, 2912, 2914, 2915, 2917, 2920, 2922, 2923, 2924, 2926, 2929, 2930, 2932, 2939, 2950, 2952, 2953, 2954, 2957, 2959, 2960, 2964, 2967, 2974, 2979, 2983, 2989, 2991, 2992, 2995, 2999, 3002, 3006, 3024, 3028, 3030, 3044, 3048, 3056, 3059, 3060, 3062, 3070, 3079, 3085, 3086, 3087, 3090, 3093, 3096, 3105, 3115, 3116, 3118, 3121, 3125, 3126, 3127, 3131, 3133, 3138, 3141, 3144, 3150, 3153, 3154, 3164, 3165, 3168, 3178, 3179, 3183, 3187, 3188, 3195, 3196, 3199, 3200, 3204, 3206, 3207, 3213, 3219, 3230, 3240, 3242, 3243, 3247, 3254, 3269, 3272, 3276, 3285, 3287, 3299, 3300, 3305, 3309, 3337, 3339, 3341, 3343, 3360, 3361, 3366, 3375, 3394, 3406, 3408, 3409, 3415, 3420, 3426, 3432, 3436, 3438, 3441, 3455, 3456, 3460, 3461, 3462, 3464, 3472, 3475, 3476, 3479, 3484, 3487, 3490, 3500, 3507, 3508, 3509, 3517, 3521, 3522, 3524, 3525, 3527, 3529, 3532, 3547, 3549, 3555, 3560, 3575, 3578, 3584, 3591, 3596, 3599, 3607, 3608, 3609, 3610, 3612, 3619, 3620, 3623, 3625, 3634, 3638, 3641, 3644, 3646, 3647, 3649, 3652, 3655, 3658, 3661, 3665, 3670, 3679, 3680, 3695, 3696, 3701, 3704, 3707, 3722, 3727, 3729, 3731, 3742, 3744, 3747, 3749, 3751, 3753, 3755, 3759, 3761, 3763, 3767, 3769, 3770, 3778, 3793, 3796, 3799, 3801, 3807, 3811, 3813, 3818, 3819, 3821, 3831, 3836, 3837, 3841, 3848, 3855, 3857, 3861, 3862, 3864, 3871, 3877, 3878, 3883, 3886, 3887, 3888, 3898, 3899, 3900, 3903, 3905, 3907, 3909, 3912, 3920, 3921, 3924, 3929, 3935, 3938, 3942, 3945, 3948, 3949, 3955, 3956, 3957, 3958, 3960, 3961, 3967, 3969, 3971, 3972, 3973, 3974, 3978, 3983, 3985, 3988, 3989, 3990, 3998, 4000, 4009, 4012, 4014, 4019, 4020, 4021, 4023, 4024, 4025, 4027, 4035, 4036, 4037, 4040, 4041, 4046, 4050, 4051, 4054, 4058, 4059, 4060, 4063, 4064, 4065, 4066, 4068, 4075, 4081, 4083, 4084, 4086, 4090, 4091, 4094, 4106, 4113, 4116, 4118, 4125, 4132, 4133, 4138, 4142, 4155, 4166, 4171, 4173, 4175, 4177, 4179, 4182, 4200, 4203, 4222, 4223, 4228, 4231, 4240, 4243, 4244, 4247, 4253, 4255, 4256, 4261, 4262, 4267, 4274, 4280, 4281, 4289, 4296, 4300, 4301, 4302, 4305, 4309, 4315, 4318, 4319, 4323, 4324, 4325, 4330, 4344, 4346, 4348, 4353, 4357, 4358, 4362, 4363, 4369, 4370, 4375, 4389, 4392, 4407, 4409, 4411, 4421, 4422, 4423, 4424, 4439, 4448, 4454, 4457, 4461, 4472, 4475, 4476, 4478, 4484, 4486, 4489, 4503, 4505, 4508, 4510, 4511, 4526, 4537, 4542, 4549, 4553, 4556, 4557, 4570, 4574, 4575, 4579, 4589, 4590, 4595, 4608, 4610, 4617, 4623, 4625, 4632, 4633, 4644, 4645, 4648, 4650, 4653, 4654, 4662, 4669, 4675, 4676, 4678, 4681, 4683, 4691, 4693, 4697, 4703, 4705, 4710, 4719, 4722, 4723, 4729, 4733, 4739, 4741, 4745, 4746, 4752, 4753, 4756, 4758, 4769, 4770, 4776, 4783, 4787, 4791, 4797, 4802, 4806, 4814, 4827, 4829, 4831, 4832, 4840, 4841, 4864, 4871, 4877, 4888, 4903, 4904, 4918, 4929, 4931, 4936, 4955, 4959, 4963, 4980, 4985, 5005, 5010, 5018, 5025, 5028, 5046, 5054, 5062, 5088, 5089, 5091, 5097, 5098, 5115, 5116, 5119, 5127, 5131, 5138, 5142, 5153, 5161, 5164, 5166, 5175, 5186, 5193, 5208, 5213, 5222, 5223, 5234, 5236, 5237, 5239, 5244, 5245, 5247, 5254, 5255, 5256, 5263, 5264, 5271, 5274, 5291, 5298, 5300, 5301, 5308, 5316, 5317, 5340, 5344, 5346, 5347, 5350, 5354, 5364, 5368, 5369, 5373, 5376, 5384, 5390, 5393, 5436, 5441, 5443, 5444, 5452, 5462, 5464, 5478, 5491, 5494, 5495, 5501, 5502, 5504, 5507, 5509, 5518, 5523, 5525, 5534, 5539, 5540, 5541, 5544, 5548, 5552, 5557, 5572, 5577, 5593, 5594, 5601, 5603, 5611, 5613, 5618, 5622, 5625, 5626, 5627, 5632, 5641, 5646, 5651, 5656, 5658, 5677, 5686, 5695, 5713, 5714, 5716, 5729, 5730, 5733, 5744, 5764, 5766, 5767, 5770, 5771, 5775, 5777, 5783, 5785, 5797, 5808, 5809, 5812, 5815, 5817, 5828, 5839, 5840, 5856, 5861, 5863, 5871, 5873, 5890, 5896, 5911, 5915, 5933, 5935, 5942, 5943, 5957, 5965, 5967, 5976, 5982, 5983, 5984, 5985, 5988, 5990, 5992, 5999, 6000, 6001, 6002, 6004, 6007, 6012, 6025, 6027, 6029, 6032, 6036, 6041, 6046, 6048, 6049, 6052, 6059, 6061, 6071, 6072, 6082, 6085, 6088, 6093, 6100, 6103, 6104, 6133, 6190, 6197, 6200, 6201, 6210, 6214, 6240, 6247, 6261, 6273, 6302, 6303, 6314, 6320, 6321, 6323, 6329, 6335, 6337, 6366, 6370, 6382, 6383, 6392, 6402, 6424, 6426, 6427, 6433, 6444, 6448, 6459, 6465, 6466, 6467, 6474, 6479, 6486, 6487, 6497, 6504, 6507, 6509, 6522, 6555, 6632, 6645, 6647, 6648, 6649, 6653, 6657, 6668, 6672, 6673, 6686, 6687, 6707, 6710, 6715, 6719, 6720, 6725, 6726, 6727, 6731, 6738, 6740, 6743, 6746, 6755, 6760, 6762, 6771, 6772, 6777, 6784, 6786, 6795, 6797, 6804, 6809, 6826, 6830, 6839, 6898, 6903, 6917, 6918, 6923, 6924, 6925, 6929, 6935, 6938, 6939, 6944, 6950, 6954, 6955, 6961, 6963, 6969, 6970, 6973, 6979, 6998, 7000, 7014, 7025, 7030, 7035, 7036, 7042, 7044, 7046, 7063, 7072, 7074, 7077, 7098, 7100, 7101, 7108, 7109, 7117, 7120, 7122, 7208, 7221, 7224, 7228, 7229, 7231, 7242, 7245, 7249, 7254, 7256, 7258, 7262, 7266, 7269, 7276, 7277, 7287, 7296, 7303, 7308, 7314, 7328, 7395, 7404, 7413, 7420, 7422, 7425, 7427, 7429, 7431, 7434, 7437, 7440, 7446, 7447, 7450, 7453, 7454, 7455, 7456, 7457, 7460, 7462, 7515, 7524, 7527, 7538, 7557, 7570, 7572, 7573, 7578, 7585, 7592, 7594, 7603, 7604, 7605, 7610, 7611, 7651, 7652, 7654, 7657, 7669, 7681, 7684, 7685, 7686, 7692, 7709, 7714, 7715, 7719, 7730, 7736, 7737, 7747, 7749, 7751, 7752, 7753, 7755, 7765, 7766, 7768, 7770, 7772, 7775, 7779, 7780, 7790, 7791, 7794, 7801, 7806, 7813, 7819, 7823, 7827, 7828, 7885, 7908, 7913, 7930, 7933, 7945, 7952, 7958, 7964, 7970, 7976, 7978, 7983, 7986, 8005, 8007, 8020, 8021, 8027, 8033, 8041, 8044, 8047, 8050, 8057, 8058, 8059, 8064, 8067, 8069, 8072, 8082, 8084, 8089, 8090, 8092, 8099, 8100, 8103, 8105, 8106, 8110, 8115, 8133, 8137, 8139, 8142, 8143, 8148, 8153, 8155, 8157, 8158, 8162, 8164, 8170, 8174, 8214, 8231, 8272, 8273, 8290, 8298, 8300, 8302, 8311, 8312, 8324, 8336, 8339, 8343, 8346, 8349, 8350, 8362, 8372, 8376, 8377, 8379, 8386, 8398, 8402, 8407, 8408, 8411, 8412, 8434, 8440, 8449, 8451, 8454, 8455, 8467, 8468, 8478, 8481, 8484, 8487, 8488, 8492, 8493, 8499, 8501, 8502, 8504, 8505, 8506, 8512, 8540, 8545, 8558, 8590, 8591, 8601, 8604, 8615, 8617, 8623, 8630, 8632, 8648, 8649, 8661, 8688, 8833, 8846, 8848, 8860, 8861, 8863, 8871, 8882, 8887, 8905, 8919, 8920, 8926, 8937, 8940, 8946, 8953, 8961, 8962, 8964, 8973, 8979, 9003, 9006, 9007, 9008, 9009, 9014, 9021, 9025, 9026, 9039, 9053, 9075, 9076, 9079, 9080, 9088, 9099, 9105, 9106, 9119, 9120, 9139, 9143, 9144, 9153, 9154, 9158, 9163, 9164, 9168, 9173, 9177, 9182, 9194, 9196, 9198, 9207, 9219, 9228, 9232, 9233, 9240, 9243, 9246, 9248, 9249, 9252, 9254, 9259, 9260, 9263, 9264, 9268, 9273, 9277, 9278, 9285, 9287, 9289, 9291, 9293, 9298, 9300, 9328, 9336, 9339, 9342, 9345, 9363, 9368, 9376, 9377, 9381, 9383, 9395, 9415, 9431, 9445, 9459, 9466, 9474, 9477, 9479, 9480, 9484, 9485, 9490, 9509, 9511, 9517, 9522, 9523, 9525, 9530, 9537, 9539, 9564, 9569, 9571, 9573, 9574, 9576, 9578, 9593, 9597, 9598, 9610, 9617, 9619, 9620, 9621, 9623, 9625, 9626, 9628, 9634, 9652, 9664, 9672, 9674, 9683, 9688, 9696, 9705, 9708, 9712, 9715, 9724, 9725, 9732, 9740, 9746, 9762, 9769, 9771, 9775, 9797, 9802, 9806, 9818, 9820, 9830, 9837, 9839, 9844, 9847, 9851, 9854, 9857, 9861, 9867, 9877, 9878, 9884, 9885, 9890, 9892, 9894, 9902, 9909, 9919, 9921, 9929, 9938, 9942, 9946, 9963, 9979, 9995, 10001, 10003, 10014, 10015, 10026, 10027, 10031, 10036, 10039, 10055, 10059, 10074, 10078, 10079, 10081, 10083, 10090, 10094, 10095, 10096, 10098, 10104, 10107, 10112, 10121, 10128, 10129, 10142, 10150, 10157, 10161, 10163, 10165, 10166, 10179, 10180, 10190, 10192, 10213, 10271, 10272, 10278, 10279, 10280, 10281, 10284, 10288, 10298, 10300, 10319, 10328, 10329, 10369, 10370, 10375, 10392, 10400, 10406, 10423, 10438, 10439, 10453, 10473, 10489, 10492, 10496, 10498, 10500, 10510, 10516, 10520, 10522, 10529, 10546, 10547, 10556, 10561, 10574, 10576, 10584, 10594, 10595, 10608, 10636, 10692, 10693, 10705, 10710, 10712, 10714, 10720, 10722, 10729, 10730, 10739, 10745, 10758, 10759, 10769, 10780, 10783, 10794, 10800, 10804, 10806, 10808, 10827, 10853, 10869, 10870, 10871, 10875, 10883, 10884, 10885, 10887, 10902, 10908, 10919, 10923, 10929, 10930, 10938, 10944, 10945, 10946, 10948, 10950, 10965, 10966, 10975, 10976, 10985, 10991, 10992, 11002, 11006, 11008, 11012, 11016, 11049, 11052, 11063, 11065, 11072, 11084, 11087, 11091, 11098, 11099, 11104, 11105, 11106, 11115, 11129, 11137, 11139, 11141, 11147, 11148, 11149, 11154, 11155, 11157, 11158, 11161, 11165, 11167, 11168, 11169, 11170, 11173, 11175, 11181, 11194, 11197, 11198, 11200, 11209, 11211, 11213, 11219, 11225, 11229, 11231, 11237, 11241, 11247, 11252, 11256, 11271, 11284, 11286, 11294, 11298, 11307, 11319, 11325, 11332, 11346, 11353, 11356, 11359, 11361, 11370, 11383, 11385, 11388, 11395, 11402, 11405, 11406, 11408, 11411, 11420, 11426, 11427, 11437, 11441, 11446, 11450, 11459, 11465, 11473, 11474, 11478, 11482, 11494, 11516, 11522, 11526, 11534, 11536, 11537, 11539, 11546, 11548, 11552, 11561, 11563, 11569, 11585, 11590, 11600, 11611, 11622, 11632, 11633, 11635, 11640, 11641, 11646, 11649, 11651, 11655, 11657, 11659, 11661, 11663, 11674, 11675, 11688, 11697, 11707, 11714, 11718, 11721, 11722, 11725, 11742, 11745, 11747, 11754, 11756, 11765, 11775, 11776, 11782, 11783, 11787, 11788, 11791, 11802, 11806, 11823, 11837, 11840, 11843, 11845, 11846, 11848, 11856, 11858, 11863, 11864, 11870, 11874, 11876, 11879, 11883, 11884, 11887, 11910, 11911, 11912, 11921, 11923, 11942, 11944, 11948, 11953, 11965, 11966, 11968, 11970, 11972, 11975, 11985, 11986, 11990, 11992, 11995, 11996, 11997, 11998, 12003, 12004, 12005, 12007, 12009, 12015, 12017, 12021, 12032, 12035, 12046, 12048, 12051, 12055, 12076, 12084, 12091, 12096, 12097, 12098, 12102, 12103, 12106, 12107, 12117, 12122, 12129, 12139, 12142, 12151, 12160, 12164, 12176, 12185, 12187, 12201, 12212, 12215, 12218, 12220, 12222, 12223, 12230, 12238, 12240, 12246, 12249, 12251, 12253, 12260, 12275, 12278, 12281, 12283, 12291, 12311, 12313, 12318, 12320, 12325, 12326, 12330, 12333, 12334, 12337, 12345, 12347, 12351, 12352, 12355, 12356, 12368, 12386, 12392, 12399, 12400, 12403, 12406, 12412, 12414, 12424, 12432, 12440, 12447, 12453, 12460, 12461, 12463, 12464, 12468, 12480, 12482, 12483, 12488, 12489, 12505, 12510, 12520, 12522, 12527, 12539, 12540, 12544, 12553, 12561, 12562, 12567, 12582, 12584, 12585, 12607, 12610, 12611, 12616, 12617, 12621, 12625, 12626, 12629, 12636, 12639, 12642, 12653, 12658, 12666, 12670, 12676, 12679, 12681, 12682, 12685, 12686, 12688, 12689, 12691, 12692, 12694, 12697, 12698, 12699, 12702, 12704, 12705, 12712, 12719, 12722, 12723, 12727, 12728, 12729, 12731, 12733, 12734, 12735, 12736, 12738, 12740, 12747, 12760, 12764, 12765, 12769, 12772, 12777, 12781, 12782, 12784, 12785, 12794, 12796, 12809, 12813, 12824, 12825, 12834, 12839, 12843, 12846, 12847, 12849, 12850, 12851, 12857, 12861, 12865, 12880, 12884, 12896, 12902, 12903, 12915, 12928, 12929, 12934, 12940, 12946, 12949, 12953, 12954, 12958, 12973, 12975, 12977, 12980, 12981, 12985, 12994, 13006, 13007, 13013, 13029, 13030, 13036, 13042, 13044, 13045, 13046, 13054, 13059, 13061, 13065, 13069, 13072, 13074, 13075, 13077, 13089, 13092, 13097, 13102, 13106, 13115, 13117, 13124, 13125, 13130, 13133, 13161, 13162, 13173, 13175, 13178, 13182, 13185, 13187, 13195, 13196, 13212, 13216, 13229]
[208, 214, 215, 307, 341, 455, 474, 548, 590, 667, 950, 1345, 1948, 2097, 2489, 2585, 2589, 3182, 3536, 3604, 3666, 3968, 4269, 4415, 4436, 4615, 5282, 5363, 5660, 5719, 5802, 5803, 9391, 9411, 9498, 9520, 9547, 9548, 9618, 9644, 9649, 9777, 9832, 9863, 9899, 9920, 9933, 9939, 10239, 10252, 10308, 10316, 10396, 10445, 10451, 10502, 10560, 10585, 10748, 10757, 10813, 10838, 10843, 10865, 10897, 10953, 10957, 11102, 11204, 11318, 11334, 11342, 11396, 11397, 11439, 11551, 11562, 11624, 11630, 11642, 11686, 11779, 11804, 11869, 11905, 11936, 11978, 12013, 12016, 12062, 12095, 12158, 12239, 12294, 12343, 12408, 12475, 12486, 12566, 12583, 12588, 12594, 12595, 12650, 12663, 12718, 12726, 12763, 12768, 12779, 12806, 12816, 12821, 12860, 12877, 12905, 12927, 12988, 13014, 13034, 13050, 13073, 13227]
[124, 485, 728, 943, 1723, 2121, 4360, 5461, 6395, 6493, 6911, 7048, 7061, 7297, 7561, 7566, 7602, 7630, 7698, 7721, 8026, 8367, 8530, 8874, 8993, 9103, 9104, 9237]
[306, 443, 746, 869, 1277, 1423, 1424, 1751, 1984, 2023, 2623, 2741, 2925, 2928, 3263, 3364, 3512, 3565, 5826, 6125, 6884, 7131, 7205, 7335, 7466, 7498, 7846, 8199, 8200, 8221, 8270, 8651, 8663, 8723, 8968, 10063, 10351, 11033, 11263, 12921]
[89, 149, 1032, 1722, 1725, 1745, 2065, 2143, 2240, 2248, 2252, 4191, 4224, 4861, 5448, 6047, 6697, 6716, 6812, 7020, 7584, 8035, 8087, 8108, 8340, 8341, 9004, 9101, 9102, 9137, 9138, 9222, 9983, 10968, 11235, 11283, 12266, 12730, 12746]
[88, 553, 602, 608, 2488, 2499, 3259, 3792, 4213, 5326, 6220, 6377, 6744, 7805, 8522, 8814, 8855, 9166, 10378, 11896, 11899]
[1615, 3246, 4501, 4690, 4958, 5114, 5169, 5366, 5700, 5739, 9766, 9770, 9904, 10069, 10167, 10642, 10896, 11126, 11336, 11575, 11701, 11935, 12479, 12485, 12537, 12869, 12984]
[61, 123, 125, 166, 225, 226, 231, 242, 250, 259, 268, 320, 330, 336, 344, 353, 366, 382, 417, 435, 451, 470, 487, 527, 529, 533, 539, 545, 558, 570, 4192, 4216, 4249, 4259, 4264, 4303, 4349, 4366, 4381, 4406, 4418, 4462, 4621, 4638, 4664, 4695, 4706, 4893, 4920, 4988, 5032, 5055, 5067, 5122, 5124, 5171, 5206, 5242, 5293, 5330, 5352, 5355, 5360, 5430, 5451, 5485, 5550, 5595, 5606, 5665, 5698, 5720, 5762, 5811, 5819, 5820, 5858, 5860, 5921, 5922, 5923, 5946, 5974, 9349, 9353, 9355, 9378, 9393, 9394, 9402, 9426, 9482, 9488, 9605, 9719, 9723, 9730, 9731, 9755, 9783, 9787, 9795, 9809, 9814, 9843, 9883, 9918, 9937, 9948, 9968, 9975, 9981, 9997, 10004, 10009, 10017, 10082, 10101, 10113, 10114, 10151, 10173, 10186, 10218, 10232, 10235, 10236, 10263, 10265, 10355, 10360, 10366, 10371, 10379, 10381, 10382, 10398, 10404, 10415, 10426, 10430, 10435, 10436, 10454, 10459, 10482, 10484, 10485, 10493, 10504, 10531, 10535, 10536, 10538, 10554, 10555, 10558, 10570, 10572, 10573, 10577, 10578, 10579, 10583, 10600, 10607, 10633, 10653, 10656, 10660, 10667, 10673, 10679, 10704, 10709, 10715, 10742, 10763, 10774, 10775, 10776, 10779, 10784, 10791, 10823, 10833, 10835, 10844, 10846, 10860, 10862, 10874, 10892, 10898, 10900, 10907, 10914, 10937, 10939, 10941, 10959, 10971, 10979, 10990, 10993, 10997, 11000, 11005, 11007, 11010, 11014, 11015, 11018, 11023, 11029, 11035, 11036, 11046, 11048, 11061, 11066, 11068, 11092, 11101, 11110, 11244, 11257, 11312, 11475, 11860, 11866, 11924]
[79, 305, 322, 388, 515, 538, 749, 919, 1020, 1072, 1105, 1142, 1149, 1190, 1214, 1250, 1365, 1374, 1427, 1443, 1577, 1952, 1975, 2145, 2368, 2526, 2949, 3405, 4236, 4568, 4709, 5516, 5519, 6091, 6155, 6539, 6551, 6600, 6717, 6996, 7182, 7593, 8184, 8229, 8235, 8242, 8252, 8262, 8548, 9140, 9295, 10877, 12669]
[3976, 5148, 6147, 6148, 6408, 8893, 10303, 10358, 11838, 12010, 12121, 12316, 12411, 12591, 12615]
[2309, 2315, 6338, 6393, 6635, 6921, 7569, 7695, 7825, 8282, 8633, 8872, 9031, 9244]
[324, 384, 440, 669, 672, 882, 1508, 1604, 1731, 1895, 2076, 2400, 2451, 2784, 3001, 3474, 3480, 3824, 3849, 4149, 4233, 4294, 4310, 4322, 4343, 4388, 4460, 4751, 4804, 4805, 4821, 4897, 4939, 5013, 5174, 5215, 5296, 5403, 5554, 5629, 5844, 5872, 5926, 6304, 6348, 6354, 7210, 7620, 7725, 7965, 8445, 8592, 8689, 8963, 9098, 9305, 9408, 9428, 9733, 10013, 10050, 10117, 10118, 10515, 10644, 10654, 10809, 10935, 11001, 11295, 11331, 11430, 11433, 11553, 11570, 11681, 11739, 11805, 11895, 11940, 11964, 11984, 12028, 12130, 12192, 12498, 12547, 12618, 12619, 12641, 12675, 12802, 12835, 12879, 12983, 13023, 13165]
[34, 2090, 2327, 2781, 2830, 2896, 4079, 4153, 4329, 4850, 5269, 5331, 5336, 5353, 5361, 5450, 5556, 5637, 5661, 5662, 5663, 5728, 5760, 5761, 5807, 5887, 5907, 5917, 5941, 6006, 10315, 10322, 10325, 10331, 11378, 11525, 12290, 12374, 12974]
[1644, 2003, 2684, 2699, 3042, 3879, 4110, 4293, 4799, 5338, 5473, 5560, 5567, 5928, 9974, 10311, 10497, 10760, 12442, 12951]
[809, 1268, 2827, 4578, 5527, 5814, 6371, 6656, 6739, 7732, 8096, 8775, 8849, 9055, 9100, 9129, 9130, 9165, 11379, 11392]
[33, 85, 97, 284, 791, 1174, 1436, 1865, 1870, 2117, 2118, 2280, 3540, 3654, 3904, 4128, 4129, 4401, 4482, 4581, 4991, 5596, 5793, 5865, 5883, 6008, 6281, 6349, 6987, 7092, 7250, 7924, 8017, 8063, 8102, 8111, 8202, 8232, 8257, 8458, 8570, 8670, 8696, 9056, 9057, 9081, 9082, 10580, 12665, 12761]
[5901, 9423, 9424, 9800, 9888, 10229, 10286, 10335, 10506, 10507, 10589, 10664, 10717, 10981, 11208, 11299, 11324, 11558, 11967, 12179, 12242, 12474, 12493, 12833, 12854, 12933, 13026]
[212, 945, 4095, 4391, 4429, 4519, 4921, 4940, 5136, 5323, 5581, 6015, 9718, 9824, 10029, 10168, 10234, 10249, 10326, 10872, 11045, 11477, 11509, 11702, 12105, 12181, 12395, 12574, 12745, 12776, 12791, 12845, 12863, 12935, 12972, 13098]
[340, 712, 928, 1290, 1580, 1647, 2008, 2034, 2073, 2119, 2336, 2592, 2735, 2968, 3055, 3427, 3445, 3494, 4074, 4112, 4145, 4246, 4380, 4492, 4495, 4587, 4602, 4755, 4878, 4933, 5008, 5041, 5106, 5120, 5297, 5314, 5375, 5630, 5683, 5693, 5699, 5779, 5804, 5813, 5837, 5869, 5955, 6050, 6690, 8450, 9675, 9720, 9750, 10016, 10131, 10713, 10894, 10995, 10999, 11789, 11973, 12373, 12376, 12606, 12762, 12790, 13122, 13156]
[325, 1061, 1236, 3005, 3078, 3209, 3251, 3814, 3930, 4627, 5238, 5334, 5472, 5759, 6489, 7263, 7316, 7406, 7985, 9015, 9476, 10020, 10387, 10632, 10752, 10857, 11177, 11259, 11994, 12089, 12875, 13105]
[66, 69, 251, 270, 357, 456, 763, 827, 858, 898, 1067, 1080, 1090, 1092, 1107, 1108, 1152, 1185, 1199, 1309, 1442, 1450, 1476, 1563, 1600, 1956, 1980, 2138, 2182, 2227, 2231, 2362, 2464, 2486, 2866, 2972, 2993, 3081, 3453, 3593, 3657, 3673, 3689, 3726, 3746, 3815, 3827, 3843, 3860, 3863, 3882, 3922, 3926, 3940, 3943, 3944, 4042, 4053, 4376, 4379, 4655, 4795, 4860, 4974, 4979, 5081, 5233, 5294, 5328, 5356, 5440, 5460, 5621, 5755, 5964, 6013, 6068, 6109, 6222, 6226, 6255, 6291, 6368, 6381, 6416, 6499, 6651, 6669, 6972, 6986, 7002, 7111, 7241, 7264, 7306, 7552, 7575, 7675, 7807, 7829, 7852, 7900, 7987, 7989, 8192, 8238, 8305, 8380, 8405, 8444, 8464, 8524, 8579, 8847, 8859, 8974, 8999, 9020, 9048, 9212, 9327, 9646, 9791, 9834, 10067, 10183, 10196, 10241, 10256, 10340, 10427, 10526, 10548, 10681, 10766, 10805, 11107, 11119, 11140, 11222, 11599, 11631, 11679, 11752, 11786, 11865, 11946, 12271, 12398, 12402, 12878, 12948, 12982, 13010, 13047, 13104, 13186, 13207, 13219]
[9359, 9388, 9879, 10058, 10146, 10716, 11032, 11053, 11504, 11547, 11809, 12070, 12080, 12646, 12773, 13083, 13084, 13121, 13139]
[247, 274, 289, 457, 1060, 1116, 3951, 4491, 4688, 4775, 4945, 5549, 5564, 5636, 5653, 5718, 5880, 6019, 6043, 9862, 10025, 10030, 10209, 10513, 10566, 10727, 10876, 11026, 11074, 11230, 11254, 11958, 12200]
[9451, 9455, 9711, 9828, 10274, 10699, 11070, 11297, 11612, 11737, 11819, 12071, 12161, 12231, 12261, 12418, 12739, 12755, 13016]
[1614, 1799, 2166, 3103, 3810, 4408, 4523, 4529, 4540, 4631, 4641, 5037, 5159, 6636, 7935, 8697, 9631, 10162, 11375, 11903, 12800]
[6308, 6453, 7449, 7853, 8179, 8596, 8949]
[143, 486, 509, 572, 838, 1086, 1102, 1292, 1305, 1435, 1446, 1581, 1586, 1769, 1806, 1875, 1908, 1993, 2105, 2132, 2446, 2679, 2715, 3159, 3162, 3397, 3414, 3459, 3934, 4219, 4464, 4848, 4983, 5310, 5496, 5521, 5531, 5707, 5732, 5747, 5868, 5900, 6074, 6299, 6306, 6374, 6437, 6468, 6588, 6639, 6655, 6748, 6792, 6988, 7173, 7211, 7239, 7659, 7661, 7748, 7758, 7817, 7929, 7966, 8030, 8161, 8274, 8294, 8299, 8323, 8406, 8438, 8470, 8587, 8594, 8840, 8852, 8931, 8967, 9041, 9051, 9087, 9169, 9187, 9203, 9307, 9352, 9514, 9926, 10120, 10611, 10641, 10682, 11089, 11672, 12025, 12124, 12141, 12571, 12602, 12622]
[6246, 6401, 6403, 7003, 7556, 7660, 8544, 8880, 8884, 11673, 11770]
[1009, 4057, 6075, 6096, 6276, 6293, 6420, 6430, 6774, 6982, 7094, 7236, 7531, 7535, 7576, 7582, 7587, 7617, 7635, 7672, 7687, 7711, 7741, 7771, 7784, 7982, 7999, 8000, 8012, 8013, 8054, 8088, 8104, 8160, 8167, 8293, 8397, 8427, 8471, 8489, 8565, 8581, 8582, 8873, 8888, 8910, 8911, 8923, 8991, 9109, 9184]
[6446, 6452, 6859, 6945, 7078, 7307, 7323, 7961, 7973, 7980, 8025, 8074, 8085, 8125, 8939, 8945, 9269, 11266, 11269]
[6418, 6449, 7428, 8453, 8566, 8909, 8941]
[1775, 2975, 4115, 4248, 4535, 4794, 5281, 5657, 5692, 8083, 9341, 9460, 9588, 9816, 10248, 10260, 10342, 10383, 10859, 10913, 11524, 11758, 11867, 12363, 12364, 12535, 12751, 12774, 12978, 13128]
[153, 258, 495, 1053, 1608, 2113, 2235, 2897, 3017, 3335, 3467, 3785, 3868, 4080, 4199, 4468, 4533, 4611, 4853, 4922, 4984, 5168, 5227, 5228, 5475, 5514, 5605, 5789, 6228, 6694, 7083, 9290, 9413, 9414, 9532, 9753, 9779, 9905, 9927, 10130, 10362, 10376, 10395, 10462, 10532, 10684, 10689, 10905, 10949, 10996, 11003, 11027, 11067, 11153, 11205, 11291, 11390, 11496, 11517, 11620, 11621, 11643, 12043, 12252, 12254, 12366, 12380, 12844, 13064, 13068]
[1842, 1998, 2154, 2222, 2234, 3066, 3151, 3471, 3496, 3595, 3718, 4121, 4172, 4313, 4532, 4541, 4735, 5007, 5026, 5099, 5113, 5154, 5179, 5191, 5638, 5669, 5781, 5835, 5954, 5994, 6053, 6359, 7082, 7123, 7398, 8123, 8129, 8333, 9011, 9318, 9362, 9410, 9503, 9991, 10825, 10906, 11277, 11578, 12036, 12303, 12655, 12957, 12959, 12993]
[93, 275, 588, 732, 773, 859, 877, 1706, 1787, 1913, 2069, 2095, 2291, 3148, 3344, 3505, 3756, 3936, 4136, 4254, 4299, 4419, 4566, 5070, 5402, 5479, 5736, 5756, 5939, 6367, 6455, 6483, 6660, 6703, 6754, 7114, 7325, 7649, 8061, 8182, 8191, 8321, 8329, 8753, 8983, 9019, 9110, 9111, 9172, 9785, 9817, 9957, 10969, 11226, 12156, 12609, 12822]
[14, 43, 118, 224, 787, 1329, 1465, 1522, 1728, 1729, 1755, 2094, 2293, 2295, 2546, 2648, 2700, 3176, 3286, 3407, 3482, 3554, 3566, 3880, 3991, 4011, 7433, 7444, 7595, 7718, 7948, 7968, 9540, 11628]
[15, 21, 162, 365, 422, 642, 909, 1138, 1244, 1349, 1628, 1672, 1677, 1970, 2542, 2754, 3014, 3089, 3094, 3098, 3440, 3768, 3995, 4308, 4441, 4793, 4942, 5022, 5111, 5249, 5705, 7104, 7540, 7947, 8187, 9005, 9429, 9508, 9521, 9585, 9908, 10077, 10137, 10178, 10367, 10551, 10565, 10718, 10858, 11090, 11178, 11224, 11320, 11348, 11457, 11540, 11542, 11579, 11703, 11931, 12146, 12229, 12272, 12336, 12446, 12501, 12598, 12664, 12881, 13041, 13056, 13067, 13210]
[1, 415, 1449, 1477, 2202, 3291, 5011, 5253, 7096, 7151, 7549, 7579, 7650, 8413, 8479, 9934, 10100, 10184, 10211, 10212, 13101]
[1953, 3161, 3896, 5265, 10002, 10770, 11094, 11511, 11678, 11780, 12067, 12116, 12226, 12228, 12668, 13027]
[40, 1833, 2977, 6254, 7116, 7240, 7275, 7324, 8549, 9028, 9107, 9108, 11690, 12384, 12882]
[233, 780, 1130, 1242, 1355, 1693, 2135, 2376, 2389, 2729, 2816, 2817, 2818, 2819, 2820, 2821, 2822, 3007, 3139, 5845, 6627, 7873, 12168]
[52, 75, 170, 392, 400, 460, 490, 521, 528, 633, 702, 758, 813, 1070, 1089, 1419, 1549, 1905, 1981, 2267, 2354, 2774, 3548, 3699, 3732, 3937, 4005, 4649, 4943, 5105, 5195, 5273, 5299, 5864, 6670, 6832, 6942, 7058, 7278, 7629, 7667, 7701, 7877, 8006, 8309, 8371, 8806, 8838, 9266, 9781, 10623, 11412, 12421, 12532, 12570, 13037, 13119, 13201]
[575, 595, 4078, 4124, 4169, 4207, 4367, 4405, 4530, 4692, 4731, 4895, 5276, 5383, 5400, 5624, 5666, 5748, 5786, 5799, 5833, 5859, 5881, 5882, 5958, 6037, 6045, 9357, 9501, 10012, 10041, 10064, 10126, 10318, 10407, 10662, 10697, 10737, 10849, 10851, 10924, 11075, 11108, 11488, 11521]
[1848, 3370, 3754, 4072, 4227, 4413, 4898, 4949, 4981, 5002, 5117, 5184, 5536, 5829, 5888, 6959, 7065, 8230, 8365, 9397, 9398, 10753, 11454, 11712, 11762, 12700]
[720, 1336, 1370, 1490, 2002, 2087, 2177, 2495, 2496, 2702, 3192, 3278, 3534, 3740, 3812, 3874, 3889, 4220, 4616, 4812, 4869, 4873, 4886, 4957, 5061, 5192, 6042, 6196, 6333, 6439, 6478, 6708, 6983, 6993, 7049, 7230, 7238, 7246, 7288, 7544, 7641, 7738, 7783, 7814, 8060, 8070, 8127, 8292, 8399, 8448, 8503, 8627, 8978, 9121, 9122, 9321, 10312, 11415, 12072, 12315, 12350, 12770]
[304, 748, 2005, 2690, 2829, 4563, 4584, 4642, 4689, 4698, 4736, 4996, 5302, 5749, 5816, 7285, 7452, 7590, 9427, 9560, 9788, 9821, 10197, 10649, 10659, 11330, 11399, 11571, 11574, 11826, 11877, 12170, 12300, 12481]
[58, 3826, 4317, 4447, 4473, 4493, 4657, 5267, 5956, 6736, 7301, 7762, 8370, 8432, 9439]
[197, 272, 279, 283, 571, 1151, 2696, 3795, 4031, 4314, 4412, 4426, 4902, 5410, 5801, 5979, 6040, 6319, 6344, 6692, 7060, 7528, 7666, 7938, 8031, 8240, 8612, 8638, 8912, 11713]
[257, 281, 296, 707, 709, 719, 2617, 2971, 3395, 4176, 4355, 4368, 4398, 4420, 4425, 5414, 5558, 5746, 6055, 9360, 9440, 9492, 9627, 9643, 10024, 10088, 10432, 11043, 11121, 11700, 12476, 12904, 13090, 13137]
[41, 131, 502, 786, 1065, 1378, 1505, 1653, 1827, 2066, 2833, 2848, 3413, 6193, 6881, 7832, 7917, 7918, 7919, 7920, 8720, 8829, 9335, 9557, 9586, 9651, 10675, 11350, 11523, 11602, 11886, 11977, 12684, 12797, 13166]
[1193, 1889, 2845, 3448, 3570, 3927, 5404, 5723, 6077, 6301, 6438, 6458, 6473, 6549, 6785, 6948, 6957, 6997, 7220, 7291, 7615, 7634, 7647, 7710, 7724, 7786, 7915, 7937, 7946, 8045, 8150, 8353, 8382, 8418, 8433, 8473, 8490, 8589, 8763, 8892, 8932, 8952, 8972, 9024, 9195, 9261, 9272, 9280, 9386, 9964, 10374, 10434]
[127, 674, 760, 761, 917, 1096, 1143, 1153, 1509, 1565, 2180, 2197, 2545, 2672, 2783, 2846, 3064, 3674, 3977, 4588, 4607, 5586, 5791, 5929, 6063, 6086, 6206, 6223, 6286, 6436, 6482, 6556, 6761, 6905, 6913, 6932, 7029, 7039, 7090, 7093, 7097, 7178, 7282, 7417, 7521, 7536, 7567, 7568, 7577, 7633, 7656, 7728, 7757, 7990, 7998, 8037, 8117, 8168, 8171, 8337, 8338, 8354, 8420, 8456, 8459, 8482, 8509, 8525, 8575, 8930, 8982, 9044, 9049, 9176, 9200, 9234, 9239, 9257, 11328, 11959]
[446, 765, 914, 1047, 1238, 1241, 1248, 1262, 1263, 1265, 1454, 1475, 1506, 1557, 1559, 1902, 2035, 2115, 2133, 2320, 2560, 3203, 3485, 3528, 3545, 3602, 3633, 3639, 3766, 3959, 4071, 4130, 4135, 4232, 4242, 4277, 4320, 4335, 4516, 4573, 4763, 4834, 4863, 4962, 5052, 5100, 5226, 5261, 5358, 5853, 7419, 12471, 12651]
[1154, 1999, 2285, 2891, 5389, 6073, 6087, 6092, 6224, 6295, 6326, 6451, 6485, 6767, 6980, 7085, 7088, 7565, 7729, 7733, 8285, 8428, 8469, 8483, 8526, 8583, 8619, 8944, 8985, 9045, 9180, 9312, 9369, 9922, 10045, 10093, 10270, 12184]
[6912, 7302, 7442, 8332, 8442, 9238]
[6238, 6316, 6480, 6654, 7225, 7522, 7546, 7824, 8066, 8316, 8335, 8431, 8495, 8538, 8606, 8980, 9054, 9215, 9283]
[6099, 6110, 6111, 6113, 6115, 6116, 6118, 6127, 6129, 6130, 6132, 6134, 6135, 6136, 6141, 6149, 6151, 6154, 6156, 6157, 6158, 6160, 6161, 6162, 6164, 6167, 6171, 6172, 6173, 6175, 6177, 6178, 6180, 6186, 6188, 6191, 6195, 6199, 6204, 6209, 6245, 6250]
[104, 139, 317, 383, 810, 1927, 2144, 2207, 2307, 2470, 2725, 2862, 2942, 3063, 3288, 3681, 3741, 3966, 4152, 4266, 4443, 4546, 4727, 4754, 4800, 5044, 5090, 5128, 5251, 5260, 5359, 5934, 6260, 6269, 7530, 7541, 7975, 8034, 8366, 9544, 9566, 9668, 9714, 9734, 9739, 9758, 9985, 10061, 10065, 10228, 10911, 11215, 11463, 11476, 11485, 11505, 11638, 12002, 12214, 12371, 12853, 12991, 13000, 13168]
[191, 206, 688, 1853, 1867, 2653, 3557, 3791, 4440, 4774, 6490, 6664, 7016, 8136, 8193, 8389, 9068, 9069, 9343, 10251, 10457, 10563, 11394, 11616, 11914, 12945]
[801, 1869, 2823, 6742, 9546, 9741, 9826, 9860, 9895, 10264, 10352, 10422, 10942, 11037, 11039, 11354, 11449, 11684, 11689, 11836, 11888, 11894, 12029, 12056, 12061, 12082, 12285, 12423, 12437, 12673, 12775, 12943, 13194]
[109, 328, 425, 525, 752, 753, 849, 874, 934, 1058, 1078, 1083, 1253, 1297, 1332, 1350, 1434, 1529, 1648, 1871, 1982, 1995, 2004, 2176, 2302, 2407, 2683, 2717, 2777, 2936, 3008, 3143, 3451, 3720, 3859, 4029, 4198, 4359, 4365, 4744, 4809, 4912, 4956, 6265, 6414, 6417, 6533, 6640, 6960, 7218, 7329, 7471, 7526, 7663, 7789, 7847, 7851, 8022, 8046, 8140, 8320, 8497, 8622, 8664, 8709, 8743, 8758, 8762, 8903, 8908, 9035, 9282, 9284, 9527, 10543, 11327, 12119, 12518]
[6083, 6236, 6355, 7010, 7055, 7319, 7321, 7767, 8480, 8536, 8677]
[6492, 8992]
[677, 866, 891, 926, 1147, 1625, 1924, 2172, 3233, 3282, 3399, 3400, 3402, 3539, 4270, 4283, 4327, 4328, 4713, 5181, 5412, 5517, 5743, 5962, 6243, 6252, 6385, 6491, 6506, 7009, 7391, 7415, 7623, 8109, 8327, 8542, 8864, 9449, 9541, 9543, 9562, 9604, 9751, 10294, 10297, 10539, 11357, 11568, 11726, 11820, 12248, 12339, 12487, 13204]
[659, 682, 711, 776, 799, 894, 1019, 1033, 1062, 1122, 1430, 1620, 1621, 1701, 1758, 1762, 1786, 1815, 1846, 1907, 1929, 1978, 2018, 2031, 2075, 2164, 2263, 2330, 2333, 2412, 2420, 2553, 2599, 2786, 2788, 2901, 2938, 2947, 2956, 2984, 3113, 3693, 4592, 5676, 6285, 6909, 7424, 7494, 8001, 8053, 8062, 8172, 8447, 8477, 8574, 8621, 9236, 10313, 11114]
[833, 911, 916, 1056, 1756, 1800, 2290, 3045, 3080, 3533, 3586, 3592, 3594, 3775, 4141, 4272, 4286, 4430, 4564, 4613, 4718, 4844, 4879, 5252, 5513, 5898, 5970, 6313, 6447, 6462, 6641, 6658, 6678, 6702, 6901, 6922, 6927, 6975, 7004, 7027, 7068, 7247, 7267, 7320, 7330, 7332, 7333, 7337, 7339, 7342, 7347, 7349, 7350, 7354, 7355, 7356, 7357, 7359, 7360, 7362, 7363, 7364, 7365, 7367, 7373, 7374, 7386, 7402, 7769, 7788, 8186, 8393, 8404, 8603, 8904, 9012, 9029, 9245, 9251, 9666, 9778, 9881, 9943, 10619, 10620, 10842, 11118, 11179, 11368, 11438, 11443, 11594, 11666, 12420, 12549, 12672, 12866]
[666, 1699, 2083, 3352, 3651, 4715, 4790, 6339, 6974, 7244, 7534, 7542, 7598, 7735, 8118, 8634, 10306, 10309, 10508, 10820, 11133, 11855, 12840]
[899, 1306, 1862, 1896, 2165, 2728, 3077, 3140, 3197, 3713, 3913, 5035, 5258, 5424, 5768, 6212, 6274, 6460, 6722, 7512, 7551, 7668, 7934, 8151, 8424, 8514, 8563, 8954, 9149, 9150, 9941, 11124, 12558]
[607, 846, 895, 1031, 1079, 1134, 1352, 1460, 1468, 1471, 2088, 2150, 2334, 2445, 2522, 2610, 2685, 2760, 2886, 3058, 3076, 3250, 3266, 3289, 3348, 3624, 3678, 3823, 4215, 4435, 4567, 4628, 7190, 9250, 10476, 11216]
[854, 4211, 4539, 4637, 4742, 4759, 4916, 4947, 5000, 5031, 5471, 5493, 5573, 5787, 5912, 5927, 10006, 10674, 10678, 12417, 12612, 13225, 13226]
[482, 1337, 1812, 1949, 3600, 4265, 5167, 5600, 5773, 5947, 7019, 9483, 9504, 9606, 9635, 9765, 9833, 9949, 10021, 10135, 10191, 10193, 10320, 10399, 10474, 10610, 10617, 10910, 10974, 11281, 11499, 11708, 11800, 12083, 12169, 12237, 12456, 12661, 12788, 12887, 12924, 12925, 13094, 13135]
[253, 831, 843, 951, 1366, 1369, 1612, 1898, 2981, 3226, 4382, 4490, 4707, 4732, 4792, 4852, 4884, 5051, 5659, 9407, 9534, 10417, 11518, 12174, 12280, 12470, 12720, 13138, 13200]
[]
